3.038639999999999873e+03
3.038639999999999873e+03
3.038639999999999873e+03
3.233389999999999873e+03
3.233389999999999873e+03
3.233389999999999873e+03
3.230570000000000164e+03
3.261889999999999873e+03
3.261889999999999873e+03
3.261889999999999873e+03
3.261889999999999873e+03
3.290960000000000036e+03
3.290960000000000036e+03
3.288610000000000127e+03
3.316019999999999982e+03
3.316019999999999982e+03
3.316019999999999982e+03
3.316019999999999982e+03
3.341849999999999909e+03
3.341849999999999909e+03
3.339829999999999927e+03
3.364440000000000055e+03
3.364440000000000055e+03
3.364440000000000055e+03
3.387849999999999909e+03
3.386070000000000164e+03
3.408550000000000182e+03
3.408550000000000182e+03
3.408550000000000182e+03
3.430079999999999927e+03
3.428480000000000018e+03
3.449260000000000218e+03
3.449260000000000218e+03
3.449260000000000218e+03
3.469260000000000218e+03
3.467820000000000164e+03
3.487199999999999818e+03
3.487199999999999818e+03
3.505929999999999836e+03
3.505929999999999836e+03
3.558019999999999982e+03
3.558019999999999982e+03
3.575480000000000018e+03
3.575480000000000018e+03
3.590460000000000036e+03
3.590460000000000036e+03
3.607179999999999836e+03
3.621559999999999945e+03
3.621559999999999945e+03
3.635659999999999854e+03
3.651440000000000055e+03
3.649489999999999782e+03
3.665000000000000000e+03
3.680210000000000036e+03
3.680210000000000036e+03
3.746980000000000018e+03
3.938059999999999945e+03
3.938059999999999945e+03
4.107739999999999782e+03
4.117859999999999673e+03
4.129510000000000218e+03
4.141060000000000400e+03
4.141060000000000400e+03
4.150920000000000073e+03
4.162270000000000437e+03
4.173510000000000218e+03
4.184659999999999854e+03
4.257850000000000364e+03
4.492689999999999600e+03
4.505210000000000036e+03
4.516060000000000400e+03
4.527890000000000327e+03
4.539479999999999563e+03
4.550859999999999673e+03
4.560609999999999673e+03
4.571619999999999891e+03
4.582489999999999782e+03
4.592810000000000400e+03
4.600619999999999891e+03
4.610399999999999636e+03
4.620119999999999891e+03
4.629779999999999745e+03
4.637399999999999636e+03
4.656460000000000036e+03
4.665909999999999854e+03
4.675310000000000400e+03
4.682710000000000036e+03
4.692010000000000218e+03
4.701250000000000000e+03
4.719590000000000146e+03
4.726800000000000182e+03
4.735850000000000364e+03
4.744859999999999673e+03
4.753810000000000400e+03
4.769739999999999782e+03
4.778569999999999709e+03
4.787350000000000364e+03
4.794270000000000437e+03
4.811630000000000109e+03
4.820250000000000000e+03
4.828819999999999709e+03
4.835569999999999709e+03
4.852520000000000437e+03
4.860939999999999600e+03
4.869319999999999709e+03
4.875909999999999854e+03
4.892489999999999782e+03
4.900720000000000255e+03
4.908909999999999854e+03
4.923479999999999563e+03
4.931569999999999709e+03
4.939630000000000109e+03
4.955630000000000109e+03
4.963579999999999927e+03
4.969829999999999927e+03
4.977720000000000255e+03
4.993399999999999636e+03
5.001189999999999600e+03
5.007310000000000400e+03
5.022750000000000000e+03
5.030420000000000073e+03
5.038050000000000182e+03
5.051640000000000327e+03
5.059189999999999600e+03
5.074210000000000036e+03
5.081680000000000291e+03
5.087539999999999964e+03
5.102340000000000146e+03
5.109699999999999818e+03
5.117029999999999745e+03
5.131609999999999673e+03
5.137310000000000400e+03
5.144539999999999964e+03
5.158920000000000073e+03
5.166069999999999709e+03
5.178779999999999745e+03
5.185859999999999673e+03
5.192909999999999854e+03
5.206949999999999818e+03
5.213930000000000291e+03
5.219399999999999636e+03
5.233250000000000000e+03
5.240140000000000327e+03
5.253859999999999673e+03
5.259210000000000036e+03
5.266020000000000437e+03
5.279560000000000400e+03
5.286300000000000182e+03
5.299710000000000036e+03
5.304949999999999818e+03
5.318239999999999782e+03
5.324850000000000364e+03
5.331449999999999818e+03
5.344569999999999709e+03
5.349689999999999600e+03
5.362710000000000036e+03
5.369180000000000291e+03
5.375640000000000327e+03
5.394449999999999818e+03
5.405760000000000218e+03
5.447460000000000036e+03
5.471109999999999673e+03
5.497520000000000437e+03
5.551439999999999600e+03
5.556460000000000036e+03
5.569250000000000000e+03
5.575619999999999891e+03
5.581979999999999563e+03
5.594640000000000327e+03
5.600949999999999818e+03
5.605869999999999891e+03
5.618409999999999854e+03
5.624659999999999854e+03
5.630890000000000327e+03
5.635760000000000218e+03
5.646810000000000400e+03
5.651649999999999636e+03
5.657819999999999709e+03
5.663970000000000255e+03
5.670109999999999673e+03
5.682340000000000146e+03
5.688439999999999600e+03
5.693199999999999818e+03
5.699270000000000437e+03
5.705319999999999709e+03
5.711359999999999673e+03
5.717390000000000327e+03
5.723409999999999854e+03
5.723409999999999854e+03
5.729409999999999854e+03
5.734090000000000146e+03
5.740069999999999709e+03
5.746029999999999745e+03
