3.041019999999999982e+03
3.041019999999999982e+03
3.041019999999999982e+03
3.233570000000000164e+03
3.233570000000000164e+03
3.233570000000000164e+03
3.230769999999999982e+03
3.261889999999999873e+03
3.261889999999999873e+03
3.261889999999999873e+03
3.261889999999999873e+03
3.290860000000000127e+03
3.290860000000000127e+03
3.288510000000000218e+03
3.315880000000000109e+03
3.315880000000000109e+03
3.315880000000000109e+03
3.315880000000000109e+03
3.341699999999999818e+03
3.341699999999999818e+03
3.339679999999999836e+03
3.364309999999999945e+03
3.364309999999999945e+03
3.364309999999999945e+03
3.387780000000000200e+03
3.385989999999999782e+03
3.408530000000000200e+03
3.408530000000000200e+03
3.408530000000000200e+03
3.430139999999999873e+03
3.428539999999999964e+03
3.449409999999999854e+03
3.449409999999999854e+03
3.449409999999999854e+03
3.469510000000000218e+03
3.468070000000000164e+03
3.487550000000000182e+03
3.487550000000000182e+03
3.506400000000000091e+03
3.506400000000000091e+03
3.557980000000000018e+03
3.557980000000000018e+03
3.575440000000000055e+03
3.575440000000000055e+03
3.590420000000000073e+03
3.590420000000000073e+03
3.607139999999999873e+03
3.621500000000000000e+03
3.621500000000000000e+03
3.635610000000000127e+03
3.651400000000000091e+03
3.649440000000000055e+03
3.664960000000000036e+03
3.680170000000000073e+03
3.680170000000000073e+03
3.705789999999999964e+03
3.914869999999999891e+03
3.914869999999999891e+03
4.094369999999999891e+03
4.122189999999999600e+03
4.133800000000000182e+03
4.145300000000000182e+03
4.145300000000000182e+03
4.155189999999999600e+03
4.166500000000000000e+03
4.177699999999999818e+03
4.188810000000000400e+03
4.260229999999999563e+03
4.478649999999999636e+03
4.491699999999999818e+03
4.502449999999999818e+03
4.514659999999999854e+03
4.526579999999999927e+03
4.538260000000000218e+03
4.547710000000000036e+03
4.558979999999999563e+03
4.570079999999999927e+03
4.581029999999999745e+03
4.589800000000000182e+03
4.600500000000000000e+03
4.611079999999999927e+03
4.621569999999999709e+03
4.629890000000000327e+03
4.650399999999999636e+03
4.660539999999999964e+03
4.670590000000000146e+03
4.678220000000000255e+03
4.687539999999999964e+03
4.696789999999999964e+03
4.715149999999999636e+03
4.722380000000000109e+03
4.731439999999999600e+03
4.740449999999999818e+03
4.749409999999999854e+03
4.765369999999999891e+03
4.774189999999999600e+03
4.782979999999999563e+03
4.789909999999999854e+03
4.807270000000000437e+03
4.815880000000000109e+03
4.824449999999999818e+03
4.831210000000000036e+03
4.848149999999999636e+03
4.856560000000000400e+03
4.864930000000000291e+03
4.871539999999999964e+03
4.888090000000000146e+03
4.896310000000000400e+03
4.904489999999999782e+03
4.919060000000000400e+03
4.927140000000000327e+03
4.935180000000000291e+03
4.951149999999999636e+03
4.959079999999999927e+03
4.965340000000000146e+03
4.973210000000000036e+03
4.988850000000000364e+03
4.996619999999999891e+03
5.002750000000000000e+03
5.018149999999999636e+03
5.025789999999999964e+03
5.033409999999999854e+03
5.046979999999999563e+03
5.054510000000000218e+03
5.069479999999999563e+03
5.076920000000000073e+03
5.082789999999999964e+03
5.097539999999999964e+03
5.104869999999999891e+03
5.112180000000000291e+03
5.126699999999999818e+03
5.132420000000000073e+03
5.139619999999999891e+03
5.153939999999999600e+03
5.161060000000000400e+03
5.173750000000000000e+03
5.180789999999999964e+03
5.187819999999999709e+03
5.201789999999999964e+03
5.208739999999999782e+03
5.214220000000000255e+03
5.228010000000000218e+03
5.234869999999999891e+03
5.248520000000000437e+03
5.253880000000000109e+03
5.260649999999999636e+03
5.274130000000000109e+03
5.280840000000000146e+03
5.294180000000000291e+03
5.299420000000000073e+03
5.312649999999999636e+03
5.319229999999999563e+03
5.325789999999999964e+03
5.338840000000000146e+03
5.343970000000000255e+03
5.356909999999999854e+03
5.363359999999999673e+03
5.369779999999999745e+03
5.382560000000000400e+03
5.387579999999999927e+03
5.400260000000000218e+03
5.406569999999999709e+03
5.412859999999999673e+03
5.425390000000000327e+03
5.430310000000000400e+03
5.442739999999999782e+03
5.448920000000000073e+03
5.455090000000000146e+03
5.467380000000000109e+03
5.473500000000000000e+03
5.478300000000000182e+03
5.490460000000000036e+03
5.496510000000000218e+03
5.502550000000000182e+03
5.507279999999999745e+03
5.524489999999999782e+03
5.570489999999999782e+03
5.616420000000000073e+03
5.622989999999999782e+03
5.629529999999999745e+03
5.642560000000000400e+03
5.649050000000000182e+03
5.653869999999999891e+03
5.660329999999999927e+03
5.666770000000000437e+03
5.673199999999999818e+03
5.679609999999999673e+03
5.686000000000000000e+03
5.686000000000000000e+03
5.692369999999999891e+03
5.697109999999999673e+03
5.703449999999999818e+03
5.709779999999999745e+03
