3.023079999999999927e+03
3.023079999999999927e+03
3.023079999999999927e+03
3.217250000000000000e+03
3.217250000000000000e+03
3.217250000000000000e+03
3.214440000000000055e+03
3.245559999999999945e+03
3.245559999999999945e+03
3.245559999999999945e+03
3.245559999999999945e+03
3.274460000000000036e+03
3.274460000000000036e+03
3.272119999999999891e+03
3.299380000000000109e+03
3.299380000000000109e+03
3.299380000000000109e+03
3.299380000000000109e+03
3.325070000000000164e+03
3.325070000000000164e+03
3.323050000000000182e+03
3.347530000000000200e+03
3.347530000000000200e+03
3.347530000000000200e+03
3.370829999999999927e+03
3.369050000000000182e+03
3.391409999999999854e+03
3.391409999999999854e+03
3.391409999999999854e+03
3.412829999999999927e+03
3.411239999999999782e+03
3.431909999999999854e+03
3.431909999999999854e+03
3.431909999999999854e+03
3.451820000000000164e+03
3.450380000000000109e+03
3.469659999999999854e+03
3.469659999999999854e+03
3.488309999999999945e+03
3.488309999999999945e+03
3.540329999999999927e+03
3.540329999999999927e+03
3.557699999999999818e+03
3.557699999999999818e+03
3.572599999999999909e+03
3.572599999999999909e+03
3.589250000000000000e+03
3.603559999999999945e+03
3.603559999999999945e+03
3.617579999999999927e+03
3.633289999999999964e+03
3.631349999999999909e+03
3.646780000000000200e+03
3.661920000000000073e+03
3.661920000000000073e+03
3.699079999999999927e+03
3.869739999999999782e+03
3.869739999999999782e+03
4.076550000000000182e+03
4.097560000000000400e+03
4.109170000000000073e+03
4.120680000000000291e+03
4.120680000000000291e+03
4.130510000000000218e+03
4.141819999999999709e+03
4.153020000000000437e+03
4.164130000000000109e+03
4.284000000000000000e+03
4.474439999999999600e+03
4.486630000000000109e+03
4.497159999999999854e+03
4.508729999999999563e+03
4.520090000000000146e+03
4.531260000000000218e+03
4.539329999999999927e+03
4.549310000000000400e+03
4.559220000000000255e+03
4.569069999999999709e+03
4.576840000000000146e+03
4.586590000000000146e+03
4.596270000000000437e+03
4.605890000000000327e+03
4.613479999999999563e+03
4.632470000000000255e+03
4.641869999999999891e+03
4.651229999999999563e+03
4.658600000000000364e+03
4.667859999999999673e+03
4.677069999999999709e+03
4.695329999999999927e+03
4.702500000000000000e+03
4.711520000000000437e+03
4.720489999999999782e+03
4.729409999999999854e+03
4.745270000000000437e+03
4.754060000000000400e+03
4.762810000000000400e+03
4.769689999999999600e+03
4.786979999999999563e+03
4.795560000000000400e+03
4.804100000000000364e+03
4.810819999999999709e+03
4.827699999999999818e+03
4.836079999999999927e+03
4.844420000000000073e+03
4.850979999999999563e+03
4.867489999999999782e+03
4.875680000000000291e+03
4.883840000000000146e+03
4.898350000000000364e+03
4.906399999999999636e+03
4.914430000000000291e+03
4.930359999999999673e+03
4.938279999999999745e+03
4.944500000000000000e+03
4.952350000000000364e+03
4.967960000000000036e+03
4.975720000000000255e+03
4.981810000000000400e+03
4.997180000000000291e+03
5.004810000000000400e+03
5.012420000000000073e+03
5.025939999999999600e+03
5.033460000000000036e+03
5.048409999999999854e+03
5.055850000000000364e+03
5.061680000000000291e+03
5.076420000000000073e+03
5.083739999999999782e+03
5.091039999999999964e+03
5.105550000000000182e+03
5.111229999999999563e+03
5.118430000000000291e+03
5.132739999999999782e+03
5.139859999999999673e+03
5.152510000000000218e+03
5.159560000000000400e+03
5.166579999999999927e+03
5.180550000000000182e+03
5.187500000000000000e+03
5.192949999999999818e+03
5.206739999999999782e+03
5.213600000000000364e+03
5.227250000000000000e+03
5.232579999999999927e+03
5.239350000000000364e+03
5.252829999999999927e+03
5.259539999999999964e+03
5.272890000000000327e+03
5.278100000000000364e+03
5.291329999999999927e+03
5.297920000000000073e+03
5.304479999999999563e+03
5.317550000000000182e+03
5.322640000000000327e+03
5.335600000000000364e+03
5.342039999999999964e+03
5.348470000000000255e+03
5.361270000000000437e+03
5.366260000000000218e+03
5.400220000000000255e+03
5.422310000000000400e+03
5.446810000000000400e+03
5.507310000000000400e+03
5.528609999999999673e+03
5.541340000000000146e+03
5.547680000000000291e+03
5.554000000000000000e+03
5.566600000000000364e+03
5.572869999999999891e+03
5.577770000000000437e+03
5.590250000000000000e+03
5.596470000000000255e+03
5.602670000000000073e+03
5.607520000000000437e+03
5.618510000000000218e+03
5.623319999999999709e+03
5.629460000000000036e+03
5.635579999999999927e+03
5.641689999999999600e+03
5.653859999999999673e+03
5.659930000000000291e+03
5.664659999999999854e+03
5.670699999999999818e+03
5.676729999999999563e+03
5.682739999999999782e+03
5.688739999999999782e+03
5.694720000000000255e+03
5.694720000000000255e+03
5.700689999999999600e+03
5.705350000000000364e+03
5.711300000000000182e+03
5.717229999999999563e+03
