3.056489999999999782e+03
3.056489999999999782e+03
3.056489999999999782e+03
3.201070000000000164e+03
3.201070000000000164e+03
3.201070000000000164e+03
3.198269999999999982e+03
3.229210000000000036e+03
3.229210000000000036e+03
3.229210000000000036e+03
3.229210000000000036e+03
3.257940000000000055e+03
3.257940000000000055e+03
3.255610000000000127e+03
3.282710000000000036e+03
3.282710000000000036e+03
3.282710000000000036e+03
3.282710000000000036e+03
3.308260000000000218e+03
3.308260000000000218e+03
3.306250000000000000e+03
3.330599999999999909e+03
3.330599999999999909e+03
3.330599999999999909e+03
3.353769999999999982e+03
3.352000000000000000e+03
3.374239999999999782e+03
3.374239999999999782e+03
3.374239999999999782e+03
3.395559999999999945e+03
3.393969999999999800e+03
3.414539999999999964e+03
3.414539999999999964e+03
3.414539999999999964e+03
3.434340000000000146e+03
3.432909999999999854e+03
3.452099999999999909e+03
3.452099999999999909e+03
3.470659999999999854e+03
3.470659999999999854e+03
3.522599999999999909e+03
3.522599999999999909e+03
3.539889999999999873e+03
3.539889999999999873e+03
3.554719999999999800e+03
3.554719999999999800e+03
3.571280000000000200e+03
3.585500000000000000e+03
3.585500000000000000e+03
3.599469999999999800e+03
3.615099999999999909e+03
3.613170000000000073e+03
3.628530000000000200e+03
3.643599999999999909e+03
3.643599999999999909e+03
3.656539999999999964e+03
3.802980000000000018e+03
3.802980000000000018e+03
4.034480000000000018e+03
4.077219999999999800e+03
4.088789999999999964e+03
4.100260000000000218e+03
4.100260000000000218e+03
4.110060000000000400e+03
4.121329999999999927e+03
4.132500000000000000e+03
4.143569999999999709e+03
4.310800000000000182e+03
4.456130000000000109e+03
4.467979999999999563e+03
4.477369999999999891e+03
4.487560000000000400e+03
4.497689999999999600e+03
4.507739999999999782e+03
4.515670000000000073e+03
4.525609999999999673e+03
4.535489999999999782e+03
4.545300000000000182e+03
4.553039999999999964e+03
4.562739999999999782e+03
4.572380000000000109e+03
4.581970000000000255e+03
4.589520000000000437e+03
4.608430000000000291e+03
4.617800000000000182e+03
4.627119999999999891e+03
4.634460000000000036e+03
4.643680000000000291e+03
4.652850000000000364e+03
4.671029999999999745e+03
4.678170000000000073e+03
4.687149999999999636e+03
4.696079999999999927e+03
4.704970000000000255e+03
4.720760000000000218e+03
4.729510000000000218e+03
4.738220000000000255e+03
4.745079999999999927e+03
4.762289999999999964e+03
4.770829999999999927e+03
4.779329999999999927e+03
4.786020000000000437e+03
4.802829999999999927e+03
4.811180000000000291e+03
4.819479999999999563e+03
4.826020000000000437e+03
4.842449999999999818e+03
4.850609999999999673e+03
4.858729999999999563e+03
4.873180000000000291e+03
4.881199999999999818e+03
4.889180000000000291e+03
4.905050000000000182e+03
4.912930000000000291e+03
4.919119999999999891e+03
4.926939999999999600e+03
4.942479999999999563e+03
4.950210000000000036e+03
4.956270000000000437e+03
4.971569999999999709e+03
4.979170000000000073e+03
4.986739999999999782e+03
5.000199999999999818e+03
5.007689999999999600e+03
5.022579999999999927e+03
5.029979999999999563e+03
5.035779999999999745e+03
5.050449999999999818e+03
5.057739999999999782e+03
5.065010000000000218e+03
5.079460000000000036e+03
5.085109999999999673e+03
5.092270000000000437e+03
5.106520000000000437e+03
5.113609999999999673e+03
5.126199999999999818e+03
5.133220000000000255e+03
5.140210000000000036e+03
5.154109999999999673e+03
5.161029999999999745e+03
5.166449999999999818e+03
5.180180000000000291e+03
5.187000000000000000e+03
5.200590000000000146e+03
5.205899999999999636e+03
5.212640000000000327e+03
5.226060000000000400e+03
5.232739999999999782e+03
5.246029999999999745e+03
5.251210000000000036e+03
5.264380000000000109e+03
5.270939999999999600e+03
5.277470000000000255e+03
5.290470000000000255e+03
5.295550000000000182e+03
5.308439999999999600e+03
5.314859999999999673e+03
5.321260000000000218e+03
5.333989999999999782e+03
5.338960000000000036e+03
5.353239999999999782e+03
5.373810000000000400e+03
5.396439999999999600e+03
5.451579999999999927e+03
5.471539999999999964e+03
5.513369999999999891e+03
5.519680000000000291e+03
5.525970000000000255e+03
5.538510000000000218e+03
5.544750000000000000e+03
5.549630000000000109e+03
5.562039999999999964e+03
5.568229999999999563e+03
5.574399999999999636e+03
5.579220000000000255e+03
5.590159999999999854e+03
5.594949999999999818e+03
5.601050000000000182e+03
5.607140000000000327e+03
5.613220000000000255e+03
5.625329999999999927e+03
5.631369999999999891e+03
5.636079999999999927e+03
5.642090000000000146e+03
5.648079999999999927e+03
5.654060000000000400e+03
5.660029999999999745e+03
5.665989999999999782e+03
5.665989999999999782e+03
5.671930000000000291e+03
5.676560000000000400e+03
5.682479999999999563e+03
5.688380000000000109e+03
