3.009900000000000091e+03
3.009900000000000091e+03
3.009900000000000091e+03
3.201210000000000036e+03
3.201210000000000036e+03
3.201210000000000036e+03
3.198420000000000073e+03
3.229210000000000036e+03
3.229210000000000036e+03
3.229210000000000036e+03
3.229210000000000036e+03
3.257860000000000127e+03
3.257860000000000127e+03
3.255530000000000200e+03
3.282599999999999909e+03
3.282599999999999909e+03
3.282599999999999909e+03
3.282599999999999909e+03
3.308150000000000091e+03
3.308150000000000091e+03
3.306130000000000109e+03
3.330500000000000000e+03
3.330500000000000000e+03
3.330500000000000000e+03
3.353710000000000036e+03
3.351940000000000055e+03
3.374230000000000018e+03
3.374230000000000018e+03
3.374230000000000018e+03
3.395610000000000127e+03
3.394019999999999982e+03
3.414650000000000091e+03
3.414650000000000091e+03
3.414650000000000091e+03
3.434539999999999964e+03
3.433099999999999909e+03
3.452369999999999891e+03
3.452369999999999891e+03
3.471019999999999982e+03
3.471019999999999982e+03
3.522570000000000164e+03
3.522570000000000164e+03
3.539860000000000127e+03
3.539860000000000127e+03
3.554690000000000055e+03
3.554690000000000055e+03
3.571250000000000000e+03
3.585469999999999800e+03
3.585469999999999800e+03
3.599440000000000055e+03
3.615070000000000164e+03
3.613139999999999873e+03
3.628500000000000000e+03
3.643570000000000164e+03
3.643570000000000164e+03
3.656519999999999982e+03
3.774960000000000036e+03
3.774960000000000036e+03
4.016420000000000073e+03
4.061820000000000164e+03
4.093059999999999945e+03
4.104479999999999563e+03
4.104479999999999563e+03
4.114310000000000400e+03
4.125539999999999964e+03
4.136670000000000073e+03
4.147699999999999818e+03
4.301100000000000364e+03
4.443430000000000291e+03
4.455770000000000437e+03
4.465810000000000400e+03
4.477500000000000000e+03
4.488960000000000036e+03
4.500220000000000255e+03
4.509260000000000218e+03
4.520189999999999600e+03
4.530989999999999782e+03
4.541659999999999854e+03
4.549569999999999709e+03
4.559310000000000400e+03
4.568989999999999782e+03
4.578609999999999673e+03
4.586199999999999818e+03
4.605159999999999854e+03
4.614560000000000400e+03
4.623899999999999636e+03
4.631270000000000437e+03
4.640510000000000218e+03
4.649699999999999818e+03
4.667920000000000073e+03
4.675090000000000146e+03
4.684090000000000146e+03
4.693029999999999745e+03
4.701930000000000291e+03
4.717750000000000000e+03
4.726520000000000437e+03
4.735229999999999563e+03
4.742109999999999673e+03
4.759340000000000146e+03
4.767880000000000109e+03
4.776390000000000327e+03
4.783100000000000364e+03
4.799909999999999854e+03
4.808250000000000000e+03
4.816560000000000400e+03
4.823109999999999673e+03
4.839539999999999964e+03
4.847689999999999600e+03
4.855810000000000400e+03
4.870270000000000437e+03
4.878279999999999745e+03
4.886260000000000218e+03
4.902109999999999673e+03
4.909979999999999563e+03
4.916189999999999600e+03
4.924000000000000000e+03
4.939520000000000437e+03
4.947229999999999563e+03
4.953310000000000400e+03
4.968579999999999927e+03
4.976170000000000073e+03
4.983729999999999563e+03
4.997189999999999600e+03
5.004659999999999854e+03
5.019510000000000218e+03
5.026890000000000327e+03
5.032710000000000036e+03
5.047350000000000364e+03
5.054619999999999891e+03
5.061869999999999891e+03
5.076279999999999745e+03
5.081949999999999818e+03
5.089090000000000146e+03
5.103300000000000182e+03
5.110359999999999673e+03
5.122949999999999818e+03
5.129939999999999600e+03
5.136909999999999854e+03
5.150770000000000437e+03
5.157670000000000073e+03
5.163100000000000364e+03
5.176779999999999745e+03
5.183579999999999927e+03
5.197119999999999891e+03
5.202439999999999600e+03
5.209159999999999854e+03
5.222529999999999745e+03
5.229180000000000291e+03
5.242420000000000073e+03
5.247619999999999891e+03
5.260729999999999563e+03
5.267260000000000218e+03
5.273770000000000437e+03
5.286720000000000255e+03
5.291800000000000182e+03
5.304640000000000327e+03
5.311029999999999745e+03
5.317399999999999636e+03
5.330090000000000146e+03
5.335060000000000400e+03
5.347640000000000327e+03
5.353899999999999636e+03
5.360140000000000327e+03
5.372569999999999709e+03
5.377439999999999600e+03
5.389770000000000437e+03
5.395909999999999854e+03
5.402020000000000437e+03
5.414210000000000036e+03
5.420279999999999745e+03
5.425039999999999964e+03
5.437100000000000364e+03
5.443100000000000364e+03
5.449090000000000146e+03
5.453789999999999964e+03
5.542930000000000291e+03
5.552319999999999709e+03
5.558829999999999927e+03
5.565329999999999927e+03
5.571810000000000400e+03
5.584710000000000036e+03
5.591130000000000109e+03
5.595899999999999636e+03
5.602300000000000182e+03
5.608670000000000073e+03
5.615029999999999745e+03
5.621380000000000109e+03
5.627699999999999818e+03
5.627699999999999818e+03
5.634010000000000218e+03
5.638699999999999818e+03
5.644979999999999563e+03
5.651250000000000000e+03
