3.151889999999999873e+03
3.151889999999999873e+03
3.151889999999999873e+03
3.184860000000000127e+03
3.184860000000000127e+03
3.184860000000000127e+03
3.182070000000000164e+03
3.212820000000000164e+03
3.212820000000000164e+03
3.212820000000000164e+03
3.212820000000000164e+03
3.241389999999999873e+03
3.241389999999999873e+03
3.239059999999999945e+03
3.266010000000000218e+03
3.266010000000000218e+03
3.266010000000000218e+03
3.266010000000000218e+03
3.291420000000000073e+03
3.291420000000000073e+03
3.289409999999999854e+03
3.313630000000000109e+03
3.313630000000000109e+03
3.313630000000000109e+03
3.336679999999999836e+03
3.334909999999999854e+03
3.357039999999999964e+03
3.357039999999999964e+03
3.357039999999999964e+03
3.378250000000000000e+03
3.376670000000000073e+03
3.397130000000000109e+03
3.397130000000000109e+03
3.397130000000000109e+03
3.416840000000000146e+03
3.415409999999999854e+03
3.434500000000000000e+03
3.434500000000000000e+03
3.452969999999999800e+03
3.452969999999999800e+03
3.504840000000000146e+03
3.504840000000000146e+03
3.522039999999999964e+03
3.522039999999999964e+03
3.536800000000000182e+03
3.536800000000000182e+03
3.553280000000000200e+03
3.567429999999999836e+03
3.567429999999999836e+03
3.581329999999999927e+03
3.596880000000000109e+03
3.594960000000000036e+03
3.610239999999999782e+03
3.625239999999999782e+03
3.625239999999999782e+03
3.638119999999999891e+03
3.737710000000000036e+03
3.737710000000000036e+03
3.992780000000000200e+03
4.046519999999999982e+03
4.068369999999999891e+03
4.079800000000000182e+03
4.079800000000000182e+03
4.089559999999999945e+03
4.100789999999999964e+03
4.111920000000000073e+03
4.122960000000000036e+03
4.338270000000000437e+03
4.435409999999999854e+03
4.445729999999999563e+03
4.453829999999999927e+03
4.463979999999999563e+03
4.474069999999999709e+03
4.484079999999999927e+03
4.491979999999999563e+03
4.501880000000000109e+03
4.511710000000000036e+03
4.521489999999999782e+03
4.529189999999999600e+03
4.538850000000000364e+03
4.548460000000000036e+03
4.558000000000000000e+03
4.565520000000000437e+03
4.584350000000000364e+03
4.593680000000000291e+03
4.602960000000000036e+03
4.610270000000000437e+03
4.619449999999999818e+03
4.628579999999999927e+03
4.646689999999999600e+03
4.653800000000000182e+03
4.662739999999999782e+03
4.671640000000000327e+03
4.680479999999999563e+03
4.696210000000000036e+03
4.704920000000000073e+03
4.713590000000000146e+03
4.720420000000000073e+03
4.737560000000000400e+03
4.746060000000000400e+03
4.754529999999999745e+03
4.761189999999999600e+03
4.777930000000000291e+03
4.786229999999999563e+03
4.794500000000000000e+03
4.801010000000000218e+03
4.817369999999999891e+03
4.825489999999999782e+03
4.833579999999999927e+03
4.847960000000000036e+03
4.855939999999999600e+03
4.863890000000000327e+03
4.879689999999999600e+03
4.887539999999999964e+03
4.893699999999999818e+03
4.901489999999999782e+03
4.916960000000000036e+03
4.924649999999999636e+03
4.930680000000000291e+03
4.945909999999999854e+03
4.953479999999999563e+03
4.961020000000000437e+03
4.974420000000000073e+03
4.981869999999999891e+03
4.996689999999999600e+03
5.004060000000000400e+03
5.009829999999999927e+03
5.024439999999999600e+03
5.031699999999999818e+03
5.038930000000000291e+03
5.053310000000000400e+03
5.058939999999999600e+03
5.066069999999999709e+03
5.080250000000000000e+03
5.087310000000000400e+03
5.099840000000000146e+03
5.106819999999999709e+03
5.113779999999999745e+03
5.127630000000000109e+03
5.134510000000000218e+03
5.139899999999999636e+03
5.153569999999999709e+03
5.160359999999999673e+03
5.173890000000000327e+03
5.179170000000000073e+03
5.185880000000000109e+03
5.199239999999999782e+03
5.205880000000000109e+03
5.219109999999999673e+03
5.224270000000000437e+03
5.237380000000000109e+03
5.243899999999999636e+03
5.250409999999999854e+03
5.263350000000000364e+03
5.268399999999999636e+03
5.281229999999999563e+03
5.287619999999999891e+03
5.293989999999999782e+03
5.306659999999999854e+03
5.311609999999999673e+03
5.324180000000000291e+03
5.330439999999999600e+03
5.346399999999999636e+03
5.396300000000000182e+03
5.414050000000000182e+03
5.485350000000000364e+03
5.491630000000000109e+03
5.497890000000000327e+03
5.510359999999999673e+03
5.516569999999999709e+03
5.521420000000000073e+03
5.533779999999999745e+03
5.539930000000000291e+03
5.546069999999999709e+03
5.550859999999999673e+03
5.561750000000000000e+03
5.566510000000000218e+03
5.572590000000000146e+03
5.578649999999999636e+03
5.584689999999999600e+03
5.596739999999999782e+03
5.602750000000000000e+03
5.607439999999999600e+03
5.613409999999999854e+03
5.619380000000000109e+03
5.625329999999999927e+03
5.631270000000000437e+03
5.637189999999999600e+03
5.637189999999999600e+03
5.643100000000000364e+03
5.647720000000000255e+03
5.653600000000000364e+03
5.659479999999999563e+03
