3.135869999999999891e+03
3.135869999999999891e+03
3.135869999999999891e+03
3.168619999999999891e+03
3.168619999999999891e+03
3.168619999999999891e+03
3.165840000000000146e+03
3.196400000000000091e+03
3.196400000000000091e+03
3.196400000000000091e+03
3.196400000000000091e+03
3.224800000000000182e+03
3.224800000000000182e+03
3.222480000000000018e+03
3.249280000000000200e+03
3.249280000000000200e+03
3.249280000000000200e+03
3.249280000000000200e+03
3.274550000000000182e+03
3.274550000000000182e+03
3.272539999999999964e+03
3.296630000000000109e+03
3.296630000000000109e+03
3.296630000000000109e+03
3.319559999999999945e+03
3.317800000000000182e+03
3.339809999999999945e+03
3.339809999999999945e+03
3.339809999999999945e+03
3.360909999999999854e+03
3.359329999999999927e+03
3.379690000000000055e+03
3.379690000000000055e+03
3.379690000000000055e+03
3.399300000000000182e+03
3.397869999999999891e+03
3.416869999999999891e+03
3.416869999999999891e+03
3.435250000000000000e+03
3.435250000000000000e+03
3.487039999999999964e+03
3.487039999999999964e+03
3.504159999999999854e+03
3.504159999999999854e+03
3.518840000000000146e+03
3.518840000000000146e+03
3.535250000000000000e+03
3.549320000000000164e+03
3.549320000000000164e+03
3.563150000000000091e+03
3.578630000000000109e+03
3.576710000000000036e+03
3.591920000000000073e+03
3.606840000000000146e+03
3.606840000000000146e+03
3.619659999999999854e+03
3.673889999999999873e+03
3.673889999999999873e+03
3.963139999999999873e+03
3.997400000000000091e+03
4.047900000000000091e+03
4.059289999999999964e+03
4.059289999999999964e+03
4.069030000000000200e+03
4.080219999999999800e+03
4.091309999999999945e+03
4.102300000000000182e+03
4.366430000000000291e+03
4.411909999999999854e+03
4.422189999999999600e+03
4.430260000000000218e+03
4.440369999999999891e+03
4.450409999999999854e+03
4.460390000000000327e+03
4.468250000000000000e+03
4.478109999999999673e+03
4.487899999999999636e+03
4.497640000000000327e+03
4.505310000000000400e+03
4.514930000000000291e+03
4.524489999999999782e+03
4.534000000000000000e+03
4.541489999999999782e+03
4.560239999999999782e+03
4.569529999999999745e+03
4.578770000000000437e+03
4.586050000000000182e+03
4.595189999999999600e+03
4.604279999999999745e+03
4.622310000000000400e+03
4.629390000000000327e+03
4.638300000000000182e+03
4.647149999999999636e+03
4.655960000000000036e+03
4.671619999999999891e+03
4.680289999999999964e+03
4.688930000000000291e+03
4.695720000000000255e+03
4.712789999999999964e+03
4.721260000000000218e+03
4.729680000000000291e+03
4.736310000000000400e+03
4.752979999999999563e+03
4.761250000000000000e+03
4.769479999999999563e+03
4.775960000000000036e+03
4.792250000000000000e+03
4.800329999999999927e+03
4.808380000000000109e+03
4.822699999999999818e+03
4.830649999999999636e+03
4.838560000000000400e+03
4.854289999999999964e+03
4.862100000000000364e+03
4.868229999999999563e+03
4.875989999999999782e+03
4.891390000000000327e+03
4.899039999999999964e+03
4.905050000000000182e+03
4.920210000000000036e+03
4.927750000000000000e+03
4.935250000000000000e+03
4.948590000000000146e+03
4.956010000000000218e+03
4.970760000000000218e+03
4.978090000000000146e+03
4.983840000000000146e+03
4.998380000000000109e+03
5.005600000000000364e+03
5.012800000000000182e+03
5.027119999999999891e+03
5.032720000000000255e+03
5.039819999999999709e+03
5.053939999999999600e+03
5.060960000000000036e+03
5.073430000000000291e+03
5.080390000000000327e+03
5.087310000000000400e+03
5.101090000000000146e+03
5.107949999999999818e+03
5.113310000000000400e+03
5.126909999999999854e+03
5.133680000000000291e+03
5.147140000000000327e+03
5.152399999999999636e+03
5.159079999999999927e+03
5.172369999999999891e+03
5.178979999999999563e+03
5.192149999999999636e+03
5.197289999999999964e+03
5.210329999999999927e+03
5.216819999999999709e+03
5.223300000000000182e+03
5.236180000000000291e+03
5.241199999999999818e+03
5.253979999999999563e+03
5.260329999999999927e+03
5.266670000000000073e+03
5.279289999999999964e+03
5.284210000000000036e+03
5.296720000000000255e+03
5.302949999999999818e+03
5.309159999999999854e+03
5.341479999999999563e+03
5.357090000000000146e+03
5.429460000000000036e+03
5.463520000000000437e+03
5.469750000000000000e+03
5.482159999999999854e+03
5.488340000000000146e+03
5.493170000000000073e+03
5.505460000000000036e+03
5.511579999999999927e+03
5.517689999999999600e+03
5.522460000000000036e+03
5.533289999999999964e+03
5.538020000000000437e+03
5.544069999999999709e+03
5.550100000000000364e+03
5.556109999999999673e+03
5.568100000000000364e+03
5.574079999999999927e+03
5.578739999999999782e+03
5.584689999999999600e+03
5.590619999999999891e+03
5.596539999999999964e+03
5.602449999999999818e+03
5.608350000000000364e+03
5.608350000000000364e+03
5.614229999999999563e+03
5.618819999999999709e+03
5.624670000000000073e+03
5.630520000000000437e+03
