2.963039999999999964e+03
2.963039999999999964e+03
2.963039999999999964e+03
3.152429999999999836e+03
3.152429999999999836e+03
3.152429999999999836e+03
3.149659999999999854e+03
3.179949999999999818e+03
3.179949999999999818e+03
3.179949999999999818e+03
3.179949999999999818e+03
3.208139999999999873e+03
3.208139999999999873e+03
3.205820000000000164e+03
3.232449999999999818e+03
3.232449999999999818e+03
3.232449999999999818e+03
3.232449999999999818e+03
3.257570000000000164e+03
3.257570000000000164e+03
3.255579999999999927e+03
3.279539999999999964e+03
3.279539999999999964e+03
3.279539999999999964e+03
3.302369999999999891e+03
3.300610000000000127e+03
3.322539999999999964e+03
3.322539999999999964e+03
3.322539999999999964e+03
3.343559999999999945e+03
3.341980000000000018e+03
3.362280000000000200e+03
3.362280000000000200e+03
3.362280000000000200e+03
3.381840000000000146e+03
3.380409999999999854e+03
3.399360000000000127e+03
3.399360000000000127e+03
3.417699999999999818e+03
3.417699999999999818e+03
3.469190000000000055e+03
3.469190000000000055e+03
3.486219999999999800e+03
3.486219999999999800e+03
3.500829999999999927e+03
3.500829999999999927e+03
3.517150000000000091e+03
3.531159999999999854e+03
3.531159999999999854e+03
3.544900000000000091e+03
3.560320000000000164e+03
3.558409999999999854e+03
3.573539999999999964e+03
3.588389999999999873e+03
3.588389999999999873e+03
3.601130000000000109e+03
3.615480000000000018e+03
3.615480000000000018e+03
3.944269999999999982e+03
3.954690000000000055e+03
3.986599999999999909e+03
4.042929999999999836e+03
4.042929999999999836e+03
4.052659999999999854e+03
4.063769999999999982e+03
4.074789999999999964e+03
4.171210000000000036e+03
4.365859999999999673e+03
4.386199999999999818e+03
4.396460000000000036e+03
4.404550000000000182e+03
4.414689999999999600e+03
4.424750000000000000e+03
4.434750000000000000e+03
4.442619999999999891e+03
4.452500000000000000e+03
4.462310000000000400e+03
4.472050000000000182e+03
4.479729999999999563e+03
4.489369999999999891e+03
4.498939999999999600e+03
4.508449999999999818e+03
4.515939999999999600e+03
4.534699999999999818e+03
4.543989999999999782e+03
4.553220000000000255e+03
4.560500000000000000e+03
4.569640000000000327e+03
4.578729999999999563e+03
4.596739999999999782e+03
4.603819999999999709e+03
4.612710000000000036e+03
4.621560000000000400e+03
4.630350000000000364e+03
4.645989999999999782e+03
4.654649999999999636e+03
4.663270000000000437e+03
4.670060000000000400e+03
4.687090000000000146e+03
4.695539999999999964e+03
4.703939999999999600e+03
4.710569999999999709e+03
4.727189999999999600e+03
4.735430000000000291e+03
4.743640000000000327e+03
4.750109999999999673e+03
4.766350000000000364e+03
4.774409999999999854e+03
4.782430000000000291e+03
4.796710000000000036e+03
4.804630000000000109e+03
4.812510000000000218e+03
4.828170000000000073e+03
4.835949999999999818e+03
4.842079999999999927e+03
4.849800000000000182e+03
4.865140000000000327e+03
4.872760000000000218e+03
4.878760000000000218e+03
4.893850000000000364e+03
4.901350000000000364e+03
4.908810000000000400e+03
4.922109999999999673e+03
4.929489999999999782e+03
4.944170000000000073e+03
4.951460000000000036e+03
4.957210000000000036e+03
4.971659999999999854e+03
4.978850000000000364e+03
4.986010000000000218e+03
5.000250000000000000e+03
5.005840000000000146e+03
5.012899999999999636e+03
5.026939999999999600e+03
5.033920000000000073e+03
5.046340000000000146e+03
5.053250000000000000e+03
5.060140000000000327e+03
5.073829999999999927e+03
5.080640000000000327e+03
5.086000000000000000e+03
5.099520000000000437e+03
5.106239999999999782e+03
5.119619999999999891e+03
5.124869999999999891e+03
5.131500000000000000e+03
5.144710000000000036e+03
5.151279999999999745e+03
5.164350000000000364e+03
5.169479999999999563e+03
5.182439999999999600e+03
5.188890000000000327e+03
5.195319999999999709e+03
5.208109999999999673e+03
5.213130000000000109e+03
5.225810000000000400e+03
5.232119999999999891e+03
5.238409999999999854e+03
5.250939999999999600e+03
5.255850000000000364e+03
5.268270000000000437e+03
5.274449999999999818e+03
5.280619999999999891e+03
5.292890000000000327e+03
5.297699999999999818e+03
5.309880000000000109e+03
5.315939999999999600e+03
5.321979999999999563e+03
5.334020000000000437e+03
5.340010000000000218e+03
5.344710000000000036e+03
5.356619999999999891e+03
5.367300000000000182e+03
5.439329999999999927e+03
5.449640000000000327e+03
5.460890000000000327e+03
5.465680000000000291e+03
5.472090000000000146e+03
5.478479999999999563e+03
5.484859999999999673e+03
5.497560000000000400e+03
5.503890000000000327e+03
5.508579999999999927e+03
5.514880000000000109e+03
5.521159999999999854e+03
5.527420000000000073e+03
5.533670000000000073e+03
5.539899999999999636e+03
5.539899999999999636e+03
5.546109999999999673e+03
5.550720000000000255e+03
5.556899999999999636e+03
5.563069999999999709e+03
