3.119809999999999945e+03
3.119809999999999945e+03
3.119809999999999945e+03
3.152349999999999909e+03
3.152349999999999909e+03
3.152349999999999909e+03
3.149579999999999927e+03
3.179949999999999818e+03
3.179949999999999818e+03
3.179949999999999818e+03
3.179949999999999818e+03
3.208179999999999836e+03
3.208179999999999836e+03
3.205869999999999891e+03
3.232510000000000218e+03
3.232510000000000218e+03
3.232510000000000218e+03
3.232510000000000218e+03
3.257639999999999873e+03
3.257639999999999873e+03
3.255639999999999873e+03
3.279599999999999909e+03
3.279599999999999909e+03
3.279599999999999909e+03
3.302409999999999854e+03
3.300650000000000091e+03
3.322550000000000182e+03
3.322550000000000182e+03
3.322550000000000182e+03
3.343530000000000200e+03
3.341960000000000036e+03
3.362219999999999800e+03
3.362219999999999800e+03
3.362219999999999800e+03
3.381730000000000018e+03
3.380300000000000182e+03
3.399210000000000036e+03
3.399210000000000036e+03
3.417500000000000000e+03
3.417500000000000000e+03
3.469210000000000036e+03
3.469210000000000036e+03
3.486239999999999782e+03
3.486239999999999782e+03
3.500849999999999909e+03
3.500849999999999909e+03
3.517170000000000073e+03
3.531179999999999836e+03
3.531179999999999836e+03
3.544920000000000073e+03
3.560340000000000146e+03
3.558429999999999836e+03
3.573559999999999945e+03
3.588409999999999854e+03
3.588409999999999854e+03
3.601150000000000091e+03
3.615500000000000000e+03
3.615500000000000000e+03
3.942199999999999818e+03
3.952730000000000018e+03
4.027400000000000091e+03
4.038739999999999782e+03
4.038739999999999782e+03
4.048449999999999818e+03
4.059599999999999909e+03
4.070650000000000091e+03
4.081610000000000127e+03
4.378119999999999891e+03
4.388380000000000109e+03
4.398609999999999673e+03
4.406649999999999636e+03
4.416720000000000255e+03
4.426720000000000255e+03
4.436649999999999636e+03
4.444479999999999563e+03
4.454300000000000182e+03
4.464060000000000400e+03
4.473750000000000000e+03
4.481390000000000327e+03
4.490970000000000255e+03
4.500489999999999782e+03
4.509960000000000036e+03
4.517420000000000073e+03
4.536090000000000146e+03
4.545340000000000146e+03
4.554539999999999964e+03
4.561779999999999745e+03
4.570890000000000327e+03
4.579939999999999600e+03
4.597899999999999636e+03
4.604939999999999600e+03
4.613810000000000400e+03
4.622630000000000109e+03
4.631390000000000327e+03
4.646979999999999563e+03
4.655619999999999891e+03
4.664220000000000255e+03
4.670979999999999563e+03
4.687970000000000255e+03
4.696409999999999854e+03
4.704800000000000182e+03
4.711390000000000327e+03
4.727989999999999782e+03
4.736220000000000255e+03
4.744420000000000073e+03
4.750859999999999673e+03
4.767079999999999927e+03
4.775130000000000109e+03
4.783149999999999636e+03
4.797399999999999636e+03
4.805310000000000400e+03
4.813189999999999600e+03
4.828840000000000146e+03
4.836619999999999891e+03
4.842729999999999563e+03
4.850439999999999600e+03
4.865779999999999745e+03
4.873399999999999636e+03
4.879380000000000109e+03
4.894470000000000255e+03
4.901970000000000255e+03
4.909439999999999600e+03
4.922710000000000036e+03
4.930100000000000364e+03
4.944779999999999745e+03
4.952079999999999927e+03
4.957810000000000400e+03
4.972270000000000437e+03
4.979470000000000255e+03
4.986630000000000109e+03
5.000890000000000327e+03
5.006460000000000036e+03
5.013520000000000437e+03
5.027579999999999927e+03
5.034569999999999709e+03
5.046979999999999563e+03
5.053899999999999636e+03
5.060789999999999964e+03
5.074510000000000218e+03
5.081329999999999927e+03
5.086670000000000073e+03
5.100210000000000036e+03
5.106939999999999600e+03
5.120340000000000146e+03
5.125569999999999709e+03
5.132220000000000255e+03
5.145449999999999818e+03
5.152039999999999964e+03
5.165140000000000327e+03
5.170250000000000000e+03
5.183229999999999563e+03
5.189699999999999818e+03
5.196140000000000327e+03
5.208960000000000036e+03
5.213960000000000036e+03
5.226670000000000073e+03
5.233000000000000000e+03
5.239300000000000182e+03
5.251859999999999673e+03
5.256760000000000218e+03
5.269210000000000036e+03
5.275409999999999854e+03
5.281590000000000146e+03
5.293899999999999636e+03
5.300640000000000327e+03
5.362010000000000218e+03
5.409800000000000182e+03
5.441560000000000400e+03
5.453909999999999854e+03
5.460060000000000400e+03
5.464859999999999673e+03
5.477090000000000146e+03
5.483180000000000291e+03
5.489260000000000218e+03
5.494000000000000000e+03
5.504770000000000437e+03
5.509479999999999563e+03
5.515500000000000000e+03
5.521500000000000000e+03
5.527479999999999563e+03
5.539409999999999854e+03
5.545350000000000364e+03
5.549989999999999782e+03
5.555909999999999854e+03
5.561810000000000400e+03
5.567699999999999818e+03
5.573579999999999927e+03
5.579449999999999818e+03
5.579449999999999818e+03
5.585300000000000182e+03
5.589859999999999673e+03
5.595689999999999600e+03
5.601500000000000000e+03
