3.103719999999999800e+03
3.103719999999999800e+03
3.103719999999999800e+03
3.136050000000000182e+03
3.136050000000000182e+03
3.136050000000000182e+03
3.133289999999999964e+03
3.163469999999999800e+03
3.163469999999999800e+03
3.163469999999999800e+03
3.163469999999999800e+03
3.191530000000000200e+03
3.191530000000000200e+03
3.189219999999999800e+03
3.215719999999999800e+03
3.215719999999999800e+03
3.215719999999999800e+03
3.215719999999999800e+03
3.240710000000000036e+03
3.240710000000000036e+03
3.238710000000000036e+03
3.262539999999999964e+03
3.262539999999999964e+03
3.262539999999999964e+03
3.285219999999999800e+03
3.283469999999999800e+03
3.305250000000000000e+03
3.305250000000000000e+03
3.305250000000000000e+03
3.326130000000000109e+03
3.324559999999999945e+03
3.344710000000000036e+03
3.344710000000000036e+03
3.344710000000000036e+03
3.364130000000000109e+03
3.362699999999999818e+03
3.381519999999999982e+03
3.381519999999999982e+03
3.399710000000000036e+03
3.399710000000000036e+03
3.451340000000000146e+03
3.451340000000000146e+03
3.468289999999999964e+03
3.468289999999999964e+03
3.482829999999999927e+03
3.482829999999999927e+03
3.499070000000000164e+03
3.513000000000000000e+03
3.513000000000000000e+03
3.526670000000000073e+03
3.542010000000000218e+03
3.540110000000000127e+03
3.555159999999999854e+03
3.569940000000000055e+03
3.569940000000000055e+03
3.582619999999999891e+03
3.596889999999999873e+03
3.596889999999999873e+03
3.921219999999999800e+03
3.931690000000000055e+03
3.967570000000000164e+03
4.018150000000000091e+03
4.018150000000000091e+03
4.027820000000000164e+03
4.038940000000000055e+03
4.049949999999999818e+03
4.079409999999999854e+03
4.354590000000000146e+03
4.364810000000000400e+03
4.375000000000000000e+03
4.383010000000000218e+03
4.393029999999999745e+03
4.402989999999999782e+03
4.412880000000000109e+03
4.420680000000000291e+03
4.430460000000000036e+03
4.440170000000000073e+03
4.449819999999999709e+03
4.457430000000000291e+03
4.466970000000000255e+03
4.476449999999999818e+03
4.485880000000000109e+03
4.493300000000000182e+03
4.511899999999999636e+03
4.521109999999999673e+03
4.530270000000000437e+03
4.537479999999999563e+03
4.546550000000000182e+03
4.555560000000000400e+03
4.573439999999999600e+03
4.580449999999999818e+03
4.589279999999999745e+03
4.598060000000000400e+03
4.606789999999999964e+03
4.622310000000000400e+03
4.630909999999999854e+03
4.639470000000000255e+03
4.646199999999999818e+03
4.663119999999999891e+03
4.671510000000000218e+03
4.679869999999999891e+03
4.686430000000000291e+03
4.702949999999999818e+03
4.711149999999999636e+03
4.719310000000000400e+03
4.725729999999999563e+03
4.741869999999999891e+03
4.749890000000000327e+03
4.757869999999999891e+03
4.772050000000000182e+03
4.779930000000000291e+03
4.787770000000000437e+03
4.803359999999999673e+03
4.811100000000000364e+03
4.817180000000000291e+03
4.824859999999999673e+03
4.840119999999999891e+03
4.847699999999999818e+03
4.853659999999999854e+03
4.868680000000000291e+03
4.876140000000000327e+03
4.883579999999999927e+03
4.896789999999999964e+03
4.904140000000000327e+03
4.918760000000000218e+03
4.926029999999999745e+03
4.931720000000000255e+03
4.946130000000000109e+03
4.953289999999999964e+03
4.960420000000000073e+03
4.974600000000000364e+03
4.980149999999999636e+03
4.987180000000000291e+03
5.001170000000000073e+03
5.008130000000000109e+03
5.020479999999999563e+03
5.027369999999999891e+03
5.034229999999999563e+03
5.047880000000000109e+03
5.054670000000000073e+03
5.059989999999999782e+03
5.073460000000000036e+03
5.080159999999999854e+03
5.093500000000000000e+03
5.098699999999999818e+03
5.105319999999999709e+03
5.118489999999999782e+03
5.125039999999999964e+03
5.138079999999999927e+03
5.143170000000000073e+03
5.156090000000000146e+03
5.162520000000000437e+03
5.168930000000000291e+03
5.181689999999999600e+03
5.186670000000000073e+03
5.199319999999999709e+03
5.205609999999999673e+03
5.211890000000000327e+03
5.224390000000000327e+03
5.229260000000000218e+03
5.241649999999999636e+03
5.247819999999999709e+03
5.253970000000000255e+03
5.266220000000000255e+03
5.270979999999999563e+03
5.295399999999999636e+03
5.333250000000000000e+03
5.392649999999999636e+03
5.425600000000000364e+03
5.431720000000000255e+03
5.436489999999999782e+03
5.448659999999999854e+03
5.454720000000000255e+03
5.460770000000000437e+03
5.465489999999999782e+03
5.476199999999999818e+03
5.480890000000000327e+03
5.486869999999999891e+03
5.492840000000000146e+03
5.498789999999999964e+03
5.510659999999999854e+03
5.516569999999999709e+03
5.521189999999999600e+03
5.527069999999999709e+03
5.532949999999999818e+03
5.538810000000000400e+03
5.544659999999999854e+03
5.550489999999999782e+03
5.550489999999999782e+03
5.556310000000000400e+03
5.560850000000000364e+03
5.566649999999999636e+03
5.572430000000000291e+03
