2.915929999999999836e+03
2.915929999999999836e+03
2.915929999999999836e+03
3.103360000000000127e+03
3.103360000000000127e+03
3.103360000000000127e+03
3.100619999999999891e+03
3.130409999999999854e+03
3.130409999999999854e+03
3.130409999999999854e+03
3.130409999999999854e+03
3.158130000000000109e+03
3.158130000000000109e+03
3.155829999999999927e+03
3.182010000000000218e+03
3.182010000000000218e+03
3.182010000000000218e+03
3.182010000000000218e+03
3.206719999999999800e+03
3.206719999999999800e+03
3.204739999999999782e+03
3.228300000000000182e+03
3.228300000000000182e+03
3.228300000000000182e+03
3.250750000000000000e+03
3.249000000000000000e+03
3.270559999999999945e+03
3.270559999999999945e+03
3.270559999999999945e+03
3.291230000000000018e+03
3.289659999999999854e+03
3.309619999999999891e+03
3.309619999999999891e+03
3.309619999999999891e+03
3.328840000000000146e+03
3.327429999999999836e+03
3.346059999999999945e+03
3.346059999999999945e+03
3.364090000000000146e+03
3.364090000000000146e+03
3.415489999999999782e+03
3.415489999999999782e+03
3.432269999999999982e+03
3.432269999999999982e+03
3.446659999999999854e+03
3.446659999999999854e+03
3.462730000000000018e+03
3.476519999999999982e+03
3.476519999999999982e+03
3.490050000000000182e+03
3.505219999999999800e+03
3.503329999999999927e+03
3.518260000000000218e+03
3.532880000000000109e+03
3.532880000000000109e+03
3.545429999999999836e+03
3.559559999999999945e+03
3.559559999999999945e+03
3.881199999999999818e+03
3.891449999999999818e+03
3.903230000000000018e+03
3.914889999999999873e+03
3.914889999999999873e+03
4.024159999999999854e+03
4.045579999999999927e+03
4.058599999999999909e+03
4.298640000000000327e+03
4.306789999999999964e+03
4.317050000000000182e+03
4.327199999999999818e+03
4.335189999999999600e+03
4.345220000000000255e+03
4.355170000000000073e+03
4.365050000000000182e+03
4.372829999999999927e+03
4.382590000000000146e+03
4.392289999999999964e+03
4.401920000000000073e+03
4.409510000000000218e+03
4.419029999999999745e+03
4.428489999999999782e+03
4.437890000000000327e+03
4.445300000000000182e+03
4.463840000000000146e+03
4.473020000000000437e+03
4.482149999999999636e+03
4.489340000000000146e+03
4.498369999999999891e+03
4.507350000000000364e+03
4.525149999999999636e+03
4.532149999999999636e+03
4.540930000000000291e+03
4.549670000000000073e+03
4.558359999999999673e+03
4.573810000000000400e+03
4.582369999999999891e+03
4.590880000000000109e+03
4.597590000000000146e+03
4.614420000000000073e+03
4.622760000000000218e+03
4.631069999999999709e+03
4.637609999999999673e+03
4.654029999999999745e+03
4.662180000000000291e+03
4.670289999999999964e+03
4.676680000000000291e+03
4.692720000000000255e+03
4.700680000000000291e+03
4.708600000000000364e+03
4.722710000000000036e+03
4.730529999999999745e+03
4.738319999999999709e+03
4.753789999999999964e+03
4.761479999999999563e+03
4.767529999999999745e+03
4.775149999999999636e+03
4.790300000000000182e+03
4.797829999999999927e+03
4.803750000000000000e+03
4.818659999999999854e+03
4.826060000000000400e+03
4.833439999999999600e+03
4.846569999999999709e+03
4.853859999999999673e+03
4.868350000000000364e+03
4.875560000000000400e+03
4.881229999999999563e+03
4.895510000000000218e+03
4.902609999999999673e+03
4.909680000000000291e+03
4.923739999999999782e+03
4.929260000000000218e+03
4.936229999999999563e+03
4.950090000000000146e+03
4.956989999999999782e+03
4.969260000000000218e+03
4.976079999999999927e+03
4.982880000000000109e+03
4.996399999999999636e+03
5.003130000000000109e+03
5.008420000000000073e+03
5.021760000000000218e+03
5.028399999999999636e+03
5.041609999999999673e+03
5.046789999999999964e+03
5.053350000000000364e+03
5.066390000000000327e+03
5.072869999999999891e+03
5.085789999999999964e+03
5.090850000000000364e+03
5.103640000000000327e+03
5.110010000000000218e+03
5.116359999999999673e+03
5.128989999999999782e+03
5.133939999999999600e+03
5.146460000000000036e+03
5.152689999999999600e+03
5.158899999999999636e+03
5.171270000000000437e+03
5.176119999999999891e+03
5.188380000000000109e+03
5.194489999999999782e+03
5.200569999999999709e+03
5.212689999999999600e+03
5.217439999999999600e+03
5.229460000000000036e+03
5.235439999999999600e+03
5.241409999999999854e+03
5.253289999999999964e+03
5.259210000000000036e+03
5.263850000000000364e+03
5.345289999999999964e+03
5.351689999999999600e+03
5.358079999999999927e+03
5.362819999999999709e+03
5.373890000000000327e+03
5.378600000000000364e+03
5.384909999999999854e+03
5.391199999999999818e+03
5.397479999999999563e+03
5.409979999999999563e+03
5.416210000000000036e+03
5.420829999999999927e+03
5.427020000000000437e+03
5.433199999999999818e+03
5.439369999999999891e+03
5.445520000000000437e+03
5.451649999999999636e+03
5.451649999999999636e+03
5.457760000000000218e+03
5.462300000000000182e+03
5.468380000000000109e+03
5.474460000000000036e+03
