3.071440000000000055e+03
3.071440000000000055e+03
3.071440000000000055e+03
3.103349999999999909e+03
3.103349999999999909e+03
3.103349999999999909e+03
3.100610000000000127e+03
3.130409999999999854e+03
3.130409999999999854e+03
3.130409999999999854e+03
3.130409999999999854e+03
3.158139999999999873e+03
3.158139999999999873e+03
3.155849999999999909e+03
3.182030000000000200e+03
3.182030000000000200e+03
3.182030000000000200e+03
3.182030000000000200e+03
3.206739999999999782e+03
3.206739999999999782e+03
3.204760000000000218e+03
3.228320000000000164e+03
3.228320000000000164e+03
3.228320000000000164e+03
3.250760000000000218e+03
3.249010000000000218e+03
3.270559999999999945e+03
3.270559999999999945e+03
3.270559999999999945e+03
3.291219999999999800e+03
3.289659999999999854e+03
3.309599999999999909e+03
3.309599999999999909e+03
3.309599999999999909e+03
3.328820000000000164e+03
3.327400000000000091e+03
3.346030000000000200e+03
3.346030000000000200e+03
3.364039999999999964e+03
3.364039999999999964e+03
3.415500000000000000e+03
3.415500000000000000e+03
3.432280000000000200e+03
3.432280000000000200e+03
3.446670000000000073e+03
3.446670000000000073e+03
3.462739999999999782e+03
3.476530000000000200e+03
3.476530000000000200e+03
3.490059999999999945e+03
3.505230000000000018e+03
3.503340000000000146e+03
3.518269999999999982e+03
3.532889999999999873e+03
3.532889999999999873e+03
3.545440000000000055e+03
3.559570000000000164e+03
3.559570000000000164e+03
3.879159999999999854e+03
3.889519999999999982e+03
3.901489999999999782e+03
3.937889999999999873e+03
3.937889999999999873e+03
3.986449999999999818e+03
4.029099999999999909e+03
4.059019999999999982e+03
4.070090000000000146e+03
4.307430000000000291e+03
4.317600000000000364e+03
4.327670000000000073e+03
4.335609999999999673e+03
4.345550000000000182e+03
4.355420000000000073e+03
4.365229999999999563e+03
4.372960000000000036e+03
4.382659999999999854e+03
4.392289999999999964e+03
4.401859999999999673e+03
4.409399999999999636e+03
4.418859999999999673e+03
4.428260000000000218e+03
4.437609999999999673e+03
4.444960000000000036e+03
4.463399999999999636e+03
4.472529999999999745e+03
4.481609999999999673e+03
4.488760000000000218e+03
4.497750000000000000e+03
4.506680000000000291e+03
4.524399999999999636e+03
4.531359999999999673e+03
4.540100000000000364e+03
4.548800000000000182e+03
4.557460000000000036e+03
4.572840000000000146e+03
4.581369999999999891e+03
4.589850000000000364e+03
4.596520000000000437e+03
4.613279999999999745e+03
4.621600000000000364e+03
4.629880000000000109e+03
4.636390000000000327e+03
4.652760000000000218e+03
4.660890000000000327e+03
4.668970000000000255e+03
4.675329999999999927e+03
4.691319999999999709e+03
4.699270000000000437e+03
4.707180000000000291e+03
4.721229999999999563e+03
4.729039999999999964e+03
4.736810000000000400e+03
4.752250000000000000e+03
4.759920000000000073e+03
4.765939999999999600e+03
4.773550000000000182e+03
4.788670000000000073e+03
4.796189999999999600e+03
4.802079999999999927e+03
4.816970000000000255e+03
4.824359999999999673e+03
4.831729999999999563e+03
4.844819999999999709e+03
4.852100000000000364e+03
4.866579999999999927e+03
4.873779999999999745e+03
4.879420000000000073e+03
4.893689999999999600e+03
4.900779999999999745e+03
4.907850000000000364e+03
4.921899999999999636e+03
4.927390000000000327e+03
4.934359999999999673e+03
4.948210000000000036e+03
4.955100000000000364e+03
4.967340000000000146e+03
4.974159999999999854e+03
4.980960000000000036e+03
4.994479999999999563e+03
5.001210000000000036e+03
5.006470000000000255e+03
5.019810000000000400e+03
5.026449999999999818e+03
5.039659999999999854e+03
5.044819999999999709e+03
5.051369999999999891e+03
5.064409999999999854e+03
5.070899999999999636e+03
5.083819999999999709e+03
5.088850000000000364e+03
5.101649999999999636e+03
5.108020000000000437e+03
5.114369999999999891e+03
5.127010000000000218e+03
5.131930000000000291e+03
5.144460000000000036e+03
5.150689999999999600e+03
5.156909999999999854e+03
5.169289999999999964e+03
5.174109999999999673e+03
5.186380000000000109e+03
5.192489999999999782e+03
5.198579999999999927e+03
5.210710000000000036e+03
5.215430000000000291e+03
5.227460000000000036e+03
5.233449999999999818e+03
5.239420000000000073e+03
5.368829999999999927e+03
5.374890000000000327e+03
5.379609999999999673e+03
5.391649999999999636e+03
5.397649999999999636e+03
5.403630000000000109e+03
5.408300000000000182e+03
5.418899999999999636e+03
5.423529999999999745e+03
5.429460000000000036e+03
5.435359999999999673e+03
5.441260000000000218e+03
5.453000000000000000e+03
5.458850000000000364e+03
5.463409999999999854e+03
5.469239999999999782e+03
5.475050000000000182e+03
5.480850000000000364e+03
5.486640000000000327e+03
5.492420000000000073e+03
5.492420000000000073e+03
5.498180000000000291e+03
5.502670000000000073e+03
5.508399999999999636e+03
5.514130000000000109e+03
