0.000000000000000000e+00
4.932999999999999829e+00
9.951999999999999957e+00
1.505799999999999983e+01
2.025300000000000011e+01
2.553999999999999915e+01
3.092099999999999937e+01
3.639699999999999847e+01
4.197599999999999909e+01
4.765299999999999869e+01
5.343599999999999994e+01
5.932500000000000284e+01
6.532300000000000750e+01
7.143600000000000705e+01
7.766200000000000614e+01
8.400900000000000034e+01
9.047500000000000853e+01
9.706799999999999784e+01
1.037870000000000061e+02
1.106359999999999957e+02
1.176230000000000047e+02
1.247450000000000045e+02
1.320070000000000050e+02
1.394159999999999968e+02
1.469699999999999989e+02
1.546760000000000161e+02
1.625390000000000157e+02
1.705600000000000023e+02
1.787400000000000091e+02
1.870879999999999939e+02
1.956050000000000182e+02
2.042950000000000159e+02
2.131580000000000155e+02
2.222040000000000077e+02
2.314310000000000116e+02
2.408430000000000177e+02
2.504490000000000123e+02
2.602440000000000282e+02
2.702350000000000136e+02
2.804239999999999782e+02
2.908149999999999977e+02
3.014120000000000346e+02
3.122130000000000223e+02
3.232270000000000323e+02
3.344440000000000168e+02
3.458790000000000191e+02
3.575260000000000105e+02
3.693890000000000100e+02
3.814689999999999941e+02
3.937610000000000241e+02
4.062740000000000009e+02
4.190020000000000095e+02
4.319499999999999886e+02
4.451129999999999995e+02
4.584859999999999900e+02
4.720790000000000077e+02
4.858820000000000050e+02
4.998940000000000055e+02
5.141150000000000091e+02
5.285410000000000537e+02
5.431649999999999636e+02
5.579930000000000518e+02
5.730140000000000100e+02
5.882269999999999754e+02
6.036290000000000191e+02
6.192119999999999891e+02
6.349710000000000036e+02
6.509070000000000391e+02
6.670140000000000100e+02
6.832799999999999727e+02
6.997069999999999936e+02
7.162880000000000109e+02
7.330170000000000528e+02
7.498960000000000719e+02
7.669070000000000391e+02
7.840500000000000682e+02
8.013189999999999600e+02
8.187110000000000127e+02
8.362230000000000700e+02
8.538460000000000036e+02
8.715779999999999745e+02
8.894110000000000582e+02
9.073360000000000127e+02
9.253609999999999900e+02
9.434750000000000227e+02
9.616649999999999636e+02
9.799440000000000737e+02
9.982939999999999827e+02
1.016716000000000008e+03
1.035203999999999951e+03
1.053758000000000038e+03
1.072373000000000047e+03
1.091048000000000002e+03
1.109772999999999911e+03
1.128553000000000111e+03
1.147377999999999929e+03
1.166246000000000095e+03
1.185163999999999987e+03
1.204115000000000009e+03
1.223110000000000127e+03
1.242139000000000124e+03
1.261200000000000045e+03
1.280294000000000096e+03
1.299422000000000025e+03
1.318571000000000140e+03
1.337748000000000047e+03
1.356952999999999975e+03
1.376180000000000064e+03
1.395423000000000002e+03
1.414693999999999960e+03
1.433980999999999995e+03
1.453285000000000082e+03
1.472605000000000018e+03
1.491942000000000007e+03
1.511289999999999964e+03
1.530660000000000082e+03
1.550036000000000058e+03
1.569422000000000025e+03
1.588825000000000045e+03
1.608239000000000033e+03
1.627653999999999996e+03
1.647090000000000146e+03
1.666526000000000067e+03
1.685972999999999956e+03
1.705420000000000073e+03
1.724877999999999929e+03
1.744347999999999956e+03
1.763817000000000007e+03
1.783286000000000058e+03
1.802766000000000076e+03
1.822251999999999953e+03
1.841738000000000056e+03
1.861229000000000042e+03
1.880715000000000146e+03
1.900211600000000089e+03
1.919702900000000000e+03
1.939194100000000162e+03
1.958685399999999845e+03
1.978176699999999983e+03
1.997668000000000120e+03
2.017153700000000072e+03
2.036639499999999998e+03
2.056114199999999983e+03
2.075588999999999942e+03
2.095052700000000186e+03
2.114505299999999806e+03
2.133952499999999873e+03
2.153388700000000426e+03
2.172802799999999934e+03
2.192205799999999726e+03
2.211586899999999787e+03
2.230951399999999921e+03
2.250282799999999952e+03
2.269586600000000089e+03
2.288857399999999870e+03
2.308095100000000002e+03
2.327283200000000306e+03
2.346421700000000328e+03
2.365505100000000311e+03
2.384522300000000087e+03
2.403467900000000100e+03
2.422330700000000434e+03
2.441105399999999918e+03
2.459769899999999780e+03
2.478324100000000271e+03
2.496745899999999892e+03
2.515024499999999989e+03
2.533148799999999937e+03
2.551091100000000097e+03
2.568846000000000004e+03
2.586385999999999967e+03
2.603699900000000071e+03
2.620765799999999672e+03
2.637567100000000210e+03
2.654081700000000183e+03
2.670293200000000070e+03
2.686184999999999945e+03
2.701740600000000086e+03
2.716948799999999665e+03
2.731793299999999817e+03
2.746262900000000172e+03
2.760357700000000023e+03
2.774061100000000351e+03
2.787373200000000452e+03
2.800296600000000126e+03
2.812828669999999875e+03
2.824966620000000148e+03
2.836724220000000059e+03
2.848101480000000265e+03
2.859109419999999773e+03
2.869756310000000212e+03
2.880050410999999713e+03
2.890000000000000000e+03
