1.599991999999999962e+03
1.601943999999999960e+03
1.603913999999999987e+03
1.605897999999999911e+03
1.607897999999999911e+03
1.609929000000000087e+03
1.612027000000000044e+03
1.614226000000000113e+03
1.616542999999999893e+03
1.618976000000000113e+03
1.621529999999999973e+03
1.624179000000000087e+03
1.626882000000000062e+03
1.629615000000000009e+03
1.632372000000000071e+03
1.635163000000000011e+03
1.637990999999999985e+03
1.640862000000000080e+03
1.643776000000000067e+03
1.646736000000000104e+03
1.649743999999999915e+03
1.652798000000000002e+03
1.655900000000000091e+03
1.659053000000000111e+03
1.662255000000000109e+03
1.665508000000000038e+03
1.668815000000000055e+03
1.672176999999999907e+03
1.675593000000000075e+03
1.679069999999999936e+03
1.682609999999999900e+03
1.686219000000000051e+03
1.689903000000000020e+03
1.693673000000000002e+03
1.697536000000000058e+03
1.701501999999999953e+03
1.705575000000000045e+03
1.709746000000000095e+03
1.713999000000000024e+03
1.718307000000000016e+03
1.722640000000000100e+03
1.726976000000000113e+03
1.731342000000000098e+03
1.735749000000000024e+03
1.740162000000000035e+03
1.744563000000000102e+03
1.748934999999999945e+03
1.753285000000000082e+03
1.757628999999999905e+03
1.761981999999999971e+03
1.766362000000000080e+03
1.804232999999999947e+03
1.808817999999999984e+03
1.813432000000000016e+03
1.818075000000000045e+03
1.822747000000000071e+03
1.827445999999999913e+03
1.832169000000000096e+03
1.836915999999999940e+03
1.841682999999999993e+03
1.846465999999999894e+03
1.851265000000000100e+03
1.856066000000000031e+03
1.860848999999999933e+03
1.865550999999999931e+03
1.870032999999999902e+03
1.874010999999999967e+03
1.877006000000000085e+03
1.823838999999999942e+03
1.829644999999999982e+03
1.835726000000000113e+03
1.841846000000000004e+03
1.847945999999999913e+03
1.854195999999999913e+03
1.860333000000000084e+03
1.866136999999999944e+03
1.871573000000000093e+03
1.876750999999999976e+03
1.881792999999999893e+03
1.886778000000000020e+03
1.891743999999999915e+03
1.896702999999999975e+03
1.901659000000000106e+03
1.906615999999999985e+03
1.911569999999999936e+03
1.916518000000000029e+03
1.921463999999999942e+03
1.926402000000000044e+03
1.931333000000000084e+03
1.936256000000000085e+03
1.941170000000000073e+03
1.946074000000000069e+03
1.950968000000000075e+03
1.955849999999999909e+03
1.960720000000000027e+03
1.965576999999999998e+03
1.970419000000000096e+03
1.975249000000000024e+03
1.980063000000000102e+03
1.984863000000000056e+03
1.989646999999999935e+03
1.994414999999999964e+03
1.999166999999999916e+03
2.003903999999999996e+03
2.008622000000000071e+03
2.013323000000000093e+03
2.018008000000000038e+03
2.022674999999999955e+03
2.027323000000000093e+03
2.031954999999999927e+03
2.036567999999999984e+03
2.041163000000000011e+03
2.045739000000000033e+03
2.050297999999999774e+03
2.054836999999999989e+03
2.059360000000000127e+03
2.063862999999999829e+03
2.068347999999999956e+03
2.072815000000000055e+03
2.077262999999999920e+03
2.081692000000000007e+03
2.086103999999999814e+03
2.090496999999999844e+03
2.094871999999999844e+03
2.099226999999999862e+03
2.103565000000000055e+03
2.107885999999999967e+03
2.112186999999999898e+03
2.116469999999999800e+03
2.120735000000000127e+03
2.124983000000000175e+03
2.129213000000000193e+03
2.133425000000000182e+03
2.137617999999999938e+03
2.141795000000000073e+03
2.145952999999999975e+03
2.150092999999999847e+03
2.154215000000000146e+03
2.158320000000000164e+03
2.162407000000000153e+03
2.166476999999999862e+03
2.170528999999999996e+03
2.174561999999999898e+03
2.178577999999999975e+03
2.182576000000000022e+03
2.186554999999999836e+03
2.190516000000000076e+03
2.194460000000000036e+03
2.198382999999999811e+03
2.202288000000000011e+03
2.206172999999999774e+03
2.210039000000000215e+03
2.213882999999999811e+03
2.217706999999999880e+03
2.221510000000000218e+03
2.225291000000000167e+03
2.229047999999999774e+03
2.232780999999999949e+03
2.236489000000000033e+03
2.240170000000000073e+03
2.243822999999999865e+03
2.247447000000000116e+03
2.251041000000000167e+03
2.254601000000000113e+03
2.258126999999999953e+03
2.261614999999999782e+03
2.265063999999999851e+03
2.268471000000000004e+03
2.271833000000000084e+03
2.275148000000000138e+03
2.278413000000000011e+03
2.281630000000000109e+03
2.285001000000000204e+03
2.291128999999999905e+03
2.304538000000000011e+03
2.319655999999999949e+03
2.332878000000000156e+03
2.338538000000000011e+03
2.341639000000000124e+03
2.344391999999999825e+03
2.347054999999999836e+03
2.349643000000000029e+03
2.352152999999999793e+03
2.354583999999999833e+03
2.356938999999999851e+03
2.359217000000000098e+03
2.361418999999999869e+03
2.363547000000000025e+03
2.365601999999999862e+03
2.367585999999999785e+03
2.369501000000000204e+03
2.371349000000000160e+03
2.373132000000000062e+03
