1.599987000000000080e+03
1.601866999999999962e+03
1.603757000000000062e+03
1.605651000000000067e+03
1.607549999999999955e+03
1.609480000000000018e+03
1.611496000000000095e+03
1.613655999999999949e+03
1.615983999999999924e+03
1.618478000000000065e+03
1.621144999999999982e+03
1.623943999999999960e+03
1.626807999999999993e+03
1.629696999999999889e+03
1.632603000000000065e+03
1.635538000000000011e+03
1.638509000000000015e+03
1.641523999999999887e+03
1.644585000000000036e+03
1.647692000000000007e+03
1.650849999999999909e+03
1.654055000000000064e+03
1.657310999999999922e+03
1.660618999999999915e+03
1.663978000000000065e+03
1.667390000000000100e+03
1.670856999999999971e+03
1.674377999999999929e+03
1.677952999999999975e+03
1.681586000000000013e+03
1.685275000000000091e+03
1.689022999999999911e+03
1.692826999999999998e+03
1.696692000000000007e+03
1.700615000000000009e+03
1.704597999999999956e+03
1.708643000000000029e+03
1.712748000000000047e+03
1.716914999999999964e+03
1.721148999999999887e+03
1.725458000000000084e+03
1.729872000000000071e+03
1.734458000000000084e+03
1.739365999999999985e+03
1.744853000000000065e+03
1.751230999999999995e+03
1.758584000000000060e+03
1.766501999999999953e+03
1.774263999999999896e+03
1.782136999999999944e+03
1.790000999999999976e+03
1.797071999999999889e+03
1.803079999999999927e+03
1.808310999999999922e+03
1.813164999999999964e+03
1.817896999999999935e+03
1.822606999999999971e+03
1.827330999999999904e+03
1.832075000000000045e+03
1.836842000000000098e+03
1.841627999999999929e+03
1.846436999999999898e+03
1.851268000000000029e+03
1.856121000000000095e+03
1.860990000000000009e+03
1.865859999999999900e+03
1.870710000000000036e+03
1.875526000000000067e+03
1.880310999999999922e+03
1.885071999999999889e+03
1.889814000000000078e+03
1.894554000000000087e+03
1.899308999999999969e+03
1.904086000000000013e+03
1.908883000000000038e+03
1.913694999999999936e+03
1.918519999999999982e+03
1.923355000000000018e+03
1.928198000000000093e+03
1.933047000000000025e+03
1.937901000000000067e+03
1.942757000000000062e+03
1.947614000000000033e+03
1.952471999999999980e+03
1.957328999999999951e+03
1.962182000000000016e+03
1.967032999999999902e+03
1.971878999999999905e+03
1.976719000000000051e+03
1.981550999999999931e+03
1.986375999999999976e+03
1.991192999999999984e+03
1.996000999999999976e+03
2.000798000000000002e+03
2.005584000000000060e+03
2.010357999999999947e+03
2.015119999999999891e+03
2.019869999999999891e+03
2.024605999999999995e+03
2.029328999999999951e+03
2.034037000000000035e+03
2.038730000000000018e+03
2.043409000000000106e+03
2.048072999999999865e+03
2.052721000000000004e+03
2.057353000000000065e+03
2.061969000000000051e+03
2.066568999999999960e+03
2.071150999999999840e+03
2.075717999999999847e+03
2.080268000000000029e+03
2.084800000000000182e+03
2.089315000000000055e+03
2.093813999999999851e+03
2.098293999999999869e+03
2.102759000000000015e+03
2.107204999999999927e+03
2.111632999999999811e+03
2.116045999999999822e+03
2.120440999999999804e+03
2.124815999999999804e+03
2.129177000000000135e+03
2.133518999999999778e+03
2.137844000000000051e+03
2.142150999999999840e+03
2.146440999999999804e+03
2.150715000000000146e+03
2.154969999999999800e+03
2.159206999999999880e+03
2.163429000000000087e+03
2.167634000000000015e+03
2.171820999999999913e+03
2.175992000000000189e+03
2.180143999999999778e+03
2.184280999999999949e+03
2.188400000000000091e+03
2.192501999999999953e+03
2.196586999999999989e+03
2.200655000000000200e+03
2.204706999999999880e+03
2.208740999999999985e+03
2.212759000000000015e+03
2.216759000000000015e+03
2.220742000000000189e+03
2.224708000000000084e+03
2.228655999999999949e+03
2.232586999999999989e+03
2.236500000000000000e+03
2.240393999999999778e+03
2.244271000000000186e+03
2.248128000000000156e+03
2.251967999999999847e+03
2.255786000000000058e+03
2.259583999999999833e+03
2.263362000000000080e+03
2.267117999999999938e+03
2.270851999999999862e+03
2.274561999999999898e+03
2.278246999999999844e+03
2.281907000000000153e+03
2.285539000000000215e+03
2.289143000000000029e+03
2.292717000000000098e+03
2.296257000000000062e+03
2.299764000000000124e+03
2.303235000000000127e+03
2.306666000000000167e+03
2.310056999999999789e+03
2.313402999999999793e+03
2.316702000000000226e+03
2.319952000000000226e+03
2.323153999999999996e+03
2.326489999999999782e+03
2.332443999999999960e+03
2.345815999999999804e+03
2.361005999999999858e+03
2.374512000000000171e+03
2.380286999999999807e+03
2.383443000000000211e+03
2.386246000000000095e+03
2.388958999999999833e+03
2.391594000000000051e+03
2.394150000000000091e+03
2.396626000000000204e+03
2.399023999999999887e+03
2.401344000000000051e+03
2.403585999999999785e+03
2.405753000000000156e+03
2.407846000000000004e+03
2.409865999999999985e+03
2.411815999999999804e+03
2.413697999999999865e+03
2.415514000000000124e+03
