3.055260000000000218e+03
3.055260000000000218e+03
3.055260000000000218e+03
3.086949999999999818e+03
3.086949999999999818e+03
3.086949999999999818e+03
3.084219999999999800e+03
3.113840000000000146e+03
3.113840000000000146e+03
3.113840000000000146e+03
3.113840000000000146e+03
3.141400000000000091e+03
3.141400000000000091e+03
3.139110000000000127e+03
3.165139999999999873e+03
3.165139999999999873e+03
3.165139999999999873e+03
3.165139999999999873e+03
3.189710000000000036e+03
3.189710000000000036e+03
3.187730000000000018e+03
3.211159999999999854e+03
3.211159999999999854e+03
3.211159999999999854e+03
3.233480000000000018e+03
3.231730000000000018e+03
3.253170000000000073e+03
3.253170000000000073e+03
3.253170000000000073e+03
3.273719999999999800e+03
3.272159999999999854e+03
3.292000000000000000e+03
3.292000000000000000e+03
3.292000000000000000e+03
3.311119999999999891e+03
3.309699999999999818e+03
3.328230000000000018e+03
3.328230000000000018e+03
3.346150000000000091e+03
3.346150000000000091e+03
3.397530000000000200e+03
3.397530000000000200e+03
3.414219999999999800e+03
3.414219999999999800e+03
3.428530000000000200e+03
3.428530000000000200e+03
3.444530000000000200e+03
3.458239999999999782e+03
3.458239999999999782e+03
3.471699999999999818e+03
3.486789999999999964e+03
3.484909999999999854e+03
3.499760000000000218e+03
3.514309999999999945e+03
3.514309999999999945e+03
3.526800000000000182e+03
3.540849999999999909e+03
3.540849999999999909e+03
3.858070000000000164e+03
3.868380000000000109e+03
3.880280000000000200e+03
3.892070000000000164e+03
3.892070000000000164e+03
4.014880000000000109e+03
4.025440000000000055e+03
4.035889999999999873e+03
4.046219999999999800e+03
4.283789999999999964e+03
4.293930000000000291e+03
4.303949999999999818e+03
4.311850000000000364e+03
4.321750000000000000e+03
4.331590000000000146e+03
4.341350000000000364e+03
4.349050000000000182e+03
4.358699999999999818e+03
4.368289999999999964e+03
4.377819999999999709e+03
4.385319999999999709e+03
4.394739999999999782e+03
4.404109999999999673e+03
4.413409999999999854e+03
4.420739999999999782e+03
4.439090000000000146e+03
4.448180000000000291e+03
4.457220000000000255e+03
4.464340000000000146e+03
4.473289999999999964e+03
4.482180000000000291e+03
4.499819999999999709e+03
4.506750000000000000e+03
4.515449999999999818e+03
4.524119999999999891e+03
4.532729999999999563e+03
4.548039999999999964e+03
4.556529999999999745e+03
4.564970000000000255e+03
4.571609999999999673e+03
4.588300000000000182e+03
4.596590000000000146e+03
4.604829999999999927e+03
4.611300000000000182e+03
4.627600000000000364e+03
4.635689999999999600e+03
4.643739999999999782e+03
4.650060000000000400e+03
4.665989999999999782e+03
4.673890000000000327e+03
4.681770000000000437e+03
4.695750000000000000e+03
4.703520000000000437e+03
4.711260000000000218e+03
4.726630000000000109e+03
4.734260000000000218e+03
4.740260000000000218e+03
4.747829999999999927e+03
4.762880000000000109e+03
4.770359999999999673e+03
4.776229999999999563e+03
4.791039999999999964e+03
4.798409999999999854e+03
4.805739999999999782e+03
4.818760000000000218e+03
4.826010000000000218e+03
4.840420000000000073e+03
4.847590000000000146e+03
4.853199999999999818e+03
4.867399999999999636e+03
4.874460000000000036e+03
4.881489999999999782e+03
4.895479999999999563e+03
4.900939999999999600e+03
4.907880000000000109e+03
4.921670000000000073e+03
4.928520000000000437e+03
4.940699999999999818e+03
4.947489999999999782e+03
4.954260000000000218e+03
4.967710000000000036e+03
4.974409999999999854e+03
4.979640000000000327e+03
4.992920000000000073e+03
4.999529999999999745e+03
5.012670000000000073e+03
5.017800000000000182e+03
5.024319999999999709e+03
5.037300000000000182e+03
5.043760000000000218e+03
5.056609999999999673e+03
5.061619999999999891e+03
5.074359999999999673e+03
5.080689999999999600e+03
5.087010000000000218e+03
5.099590000000000146e+03
5.104489999999999782e+03
5.116960000000000036e+03
5.123159999999999854e+03
5.129350000000000364e+03
5.141659999999999854e+03
5.146460000000000036e+03
5.158670000000000073e+03
5.164750000000000000e+03
5.170810000000000400e+03
5.182880000000000109e+03
5.187569999999999709e+03
5.199539999999999964e+03
5.205500000000000000e+03
5.211449999999999818e+03
5.223279999999999745e+03
5.346390000000000327e+03
5.351079999999999927e+03
5.363060000000000400e+03
5.369029999999999745e+03
5.374979999999999563e+03
5.379619999999999891e+03
5.390170000000000073e+03
5.394779999999999745e+03
5.400670000000000073e+03
5.406539999999999964e+03
5.412399999999999636e+03
5.424090000000000146e+03
5.429909999999999854e+03
5.434449999999999818e+03
5.440239999999999782e+03
5.446029999999999745e+03
5.451789999999999964e+03
5.457550000000000182e+03
5.463289999999999964e+03
5.463289999999999964e+03
5.469029999999999745e+03
5.473489999999999782e+03
5.479199999999999818e+03
5.484890000000000327e+03
