3.054159999999999854e+03
3.054159999999999854e+03
3.054159999999999854e+03
3.249510000000000218e+03
3.249510000000000218e+03
3.249510000000000218e+03
3.246679999999999836e+03
3.278179999999999836e+03
3.278179999999999836e+03
3.278179999999999836e+03
3.278179999999999836e+03
3.307420000000000073e+03
3.307420000000000073e+03
3.305059999999999945e+03
3.332630000000000109e+03
3.332630000000000109e+03
3.332630000000000109e+03
3.332630000000000109e+03
3.358599999999999909e+03
3.358599999999999909e+03
3.356570000000000164e+03
3.381309999999999945e+03
3.381309999999999945e+03
3.381309999999999945e+03
3.404849999999999909e+03
3.403059999999999945e+03
3.425650000000000091e+03
3.425650000000000091e+03
3.425650000000000091e+03
3.447289999999999964e+03
3.445690000000000055e+03
3.466570000000000164e+03
3.466570000000000164e+03
3.466570000000000164e+03
3.486670000000000073e+03
3.485230000000000018e+03
3.504699999999999818e+03
3.504699999999999818e+03
3.523519999999999982e+03
3.523519999999999982e+03
3.575679999999999836e+03
3.575679999999999836e+03
3.593219999999999800e+03
3.593219999999999800e+03
3.608269999999999982e+03
3.608269999999999982e+03
3.625070000000000164e+03
3.639539999999999964e+03
3.639539999999999964e+03
3.653690000000000055e+03
3.669550000000000182e+03
3.667590000000000146e+03
3.683179999999999836e+03
3.698460000000000036e+03
3.698460000000000036e+03
3.795550000000000182e+03
4.007969999999999800e+03
4.007969999999999800e+03
4.127970000000000255e+03
4.138119999999999891e+03
4.149810000000000400e+03
4.161390000000000327e+03
4.161390000000000327e+03
4.171279999999999745e+03
4.182670000000000073e+03
4.193949999999999818e+03
4.205140000000000327e+03
4.232319999999999709e+03
4.510859999999999673e+03
4.523720000000000255e+03
4.534909999999999854e+03
4.546989999999999782e+03
4.558800000000000182e+03
4.570390000000000327e+03
4.580340000000000146e+03
4.591529999999999745e+03
4.602560000000000400e+03
4.613439999999999600e+03
4.622729999999999563e+03
4.633359999999999673e+03
4.643869999999999891e+03
4.653630000000000109e+03
4.661289999999999964e+03
4.680430000000000291e+03
4.689909999999999854e+03
4.699340000000000146e+03
4.706779999999999745e+03
4.716119999999999891e+03
4.725399999999999636e+03
4.743810000000000400e+03
4.751050000000000182e+03
4.760140000000000327e+03
4.769180000000000291e+03
4.778180000000000291e+03
4.794180000000000291e+03
4.803039999999999964e+03
4.811859999999999673e+03
4.818810000000000400e+03
4.836239999999999782e+03
4.844890000000000327e+03
4.853500000000000000e+03
4.860279999999999745e+03
4.877310000000000400e+03
4.885760000000000218e+03
4.894170000000000073e+03
4.900789999999999964e+03
4.917439999999999600e+03
4.925710000000000036e+03
4.933939999999999600e+03
4.948569999999999709e+03
4.956699999999999818e+03
4.964789999999999964e+03
4.980859999999999673e+03
4.988850000000000364e+03
4.995119999999999891e+03
5.003050000000000182e+03
5.018789999999999964e+03
5.026619999999999891e+03
5.032770000000000437e+03
5.048270000000000437e+03
5.055970000000000255e+03
5.063649999999999636e+03
5.077289999999999964e+03
5.084880000000000109e+03
5.099960000000000036e+03
5.107460000000000036e+03
5.113350000000000364e+03
5.128210000000000036e+03
5.135609999999999673e+03
5.142970000000000255e+03
5.157609999999999673e+03
5.163350000000000364e+03
5.170609999999999673e+03
5.185050000000000182e+03
5.192229999999999563e+03
5.205000000000000000e+03
5.212109999999999673e+03
5.219199999999999818e+03
5.233300000000000182e+03
5.240310000000000400e+03
5.245800000000000182e+03
5.259720000000000255e+03
5.266640000000000327e+03
5.280420000000000073e+03
5.285800000000000182e+03
5.292640000000000327e+03
5.306239999999999782e+03
5.313010000000000218e+03
5.326479999999999563e+03
5.331739999999999782e+03
5.345090000000000146e+03
5.351739999999999782e+03
5.358359999999999673e+03
5.371550000000000182e+03
5.376699999999999818e+03
5.389770000000000437e+03
5.396279999999999745e+03
5.402760000000000218e+03
5.438869999999999891e+03
5.450829999999999927e+03
5.494960000000000036e+03
5.520199999999999818e+03
5.548560000000000400e+03
5.579210000000000036e+03
5.584260000000000218e+03
5.597109999999999673e+03
5.603520000000000437e+03
5.609899999999999636e+03
5.622630000000000109e+03
5.628970000000000255e+03
5.633920000000000073e+03
5.646520000000000437e+03
5.652800000000000182e+03
5.659060000000000400e+03
5.663960000000000036e+03
5.675060000000000400e+03
5.679930000000000291e+03
5.686119999999999891e+03
5.692310000000000400e+03
5.698479999999999563e+03
5.710770000000000437e+03
5.716890000000000327e+03
5.721680000000000291e+03
5.727779999999999745e+03
5.733859999999999673e+03
5.739939999999999600e+03
5.745989999999999782e+03
5.752039999999999964e+03
5.752039999999999964e+03
5.758069999999999709e+03
5.762779999999999745e+03
5.768779999999999745e+03
5.774770000000000437e+03
