3.025469999999999800e+03
3.025469999999999800e+03
3.025469999999999800e+03
3.217400000000000091e+03
3.217400000000000091e+03
3.217400000000000091e+03
3.214610000000000127e+03
3.245559999999999945e+03
3.245559999999999945e+03
3.245559999999999945e+03
3.245559999999999945e+03
3.274380000000000109e+03
3.274380000000000109e+03
3.272039999999999964e+03
3.299250000000000000e+03
3.299250000000000000e+03
3.299250000000000000e+03
3.299250000000000000e+03
3.324940000000000055e+03
3.324940000000000055e+03
3.322920000000000073e+03
3.347420000000000073e+03
3.347420000000000073e+03
3.347420000000000073e+03
3.370760000000000218e+03
3.368980000000000018e+03
3.391400000000000091e+03
3.391400000000000091e+03
3.391400000000000091e+03
3.412889999999999873e+03
3.411300000000000182e+03
3.432050000000000182e+03
3.432050000000000182e+03
3.432050000000000182e+03
3.452039999999999964e+03
3.450599999999999909e+03
3.469980000000000018e+03
3.469980000000000018e+03
3.488730000000000018e+03
3.488730000000000018e+03
3.540289999999999964e+03
3.540289999999999964e+03
3.557659999999999854e+03
3.557659999999999854e+03
3.572570000000000164e+03
3.572570000000000164e+03
3.589210000000000036e+03
3.603500000000000000e+03
3.603500000000000000e+03
3.617550000000000182e+03
3.633250000000000000e+03
3.631309999999999945e+03
3.646750000000000000e+03
3.661889999999999873e+03
3.661889999999999873e+03
3.674900000000000091e+03
3.844059999999999945e+03
3.844059999999999945e+03
4.055260000000000218e+03
4.101880000000000109e+03
4.113449999999999818e+03
4.124909999999999854e+03
4.124909999999999854e+03
4.134770000000000437e+03
4.146039999999999964e+03
4.157199999999999818e+03
4.168270000000000437e+03
4.280449999999999818e+03
4.461079999999999927e+03
4.473770000000000437e+03
4.484159999999999854e+03
4.496109999999999673e+03
4.507810000000000400e+03
4.519279999999999745e+03
4.528520000000000437e+03
4.539619999999999891e+03
4.550560000000000400e+03
4.561380000000000109e+03
4.570010000000000218e+03
4.580579999999999927e+03
4.591060000000000400e+03
4.601439999999999600e+03
4.609520000000000437e+03
4.628560000000000400e+03
4.637989999999999782e+03
4.647369999999999891e+03
4.654770000000000437e+03
4.664050000000000182e+03
4.673270000000000437e+03
4.691560000000000400e+03
4.698760000000000218e+03
4.707779999999999745e+03
4.716760000000000218e+03
4.725689999999999600e+03
4.741579999999999927e+03
4.750380000000000109e+03
4.759130000000000109e+03
4.766029999999999745e+03
4.783319999999999709e+03
4.791899999999999636e+03
4.800439999999999600e+03
4.807180000000000291e+03
4.824050000000000182e+03
4.832430000000000291e+03
4.840770000000000437e+03
4.847350000000000364e+03
4.863840000000000146e+03
4.872029999999999745e+03
4.880170000000000073e+03
4.894689999999999600e+03
4.902729999999999563e+03
4.910739999999999782e+03
4.926649999999999636e+03
4.934550000000000182e+03
4.940789999999999964e+03
4.948630000000000109e+03
4.964210000000000036e+03
4.971949999999999818e+03
4.978060000000000400e+03
4.993390000000000327e+03
5.001010000000000218e+03
5.008590000000000146e+03
5.022109999999999673e+03
5.029609999999999673e+03
5.044520000000000437e+03
5.051930000000000291e+03
5.057779999999999745e+03
5.072470000000000255e+03
5.079770000000000437e+03
5.087050000000000182e+03
5.101520000000000437e+03
5.107210000000000036e+03
5.114380000000000109e+03
5.128640000000000327e+03
5.135739999999999782e+03
5.148369999999999891e+03
5.155390000000000327e+03
5.162390000000000327e+03
5.176310000000000400e+03
5.183229999999999563e+03
5.188680000000000291e+03
5.202420000000000073e+03
5.209250000000000000e+03
5.222850000000000364e+03
5.228189999999999600e+03
5.234930000000000291e+03
5.248359999999999673e+03
5.255029999999999745e+03
5.268329999999999927e+03
5.273550000000000182e+03
5.286720000000000255e+03
5.293270000000000437e+03
5.299800000000000182e+03
5.312810000000000400e+03
5.317909999999999854e+03
5.330810000000000400e+03
5.337220000000000255e+03
5.343619999999999891e+03
5.356350000000000364e+03
5.361350000000000364e+03
5.373979999999999563e+03
5.380260000000000218e+03
5.386529999999999745e+03
5.399010000000000218e+03
5.403899999999999636e+03
5.416279999999999745e+03
5.422439999999999600e+03
5.428590000000000146e+03
5.440819999999999709e+03
5.446920000000000073e+03
5.451699999999999818e+03
5.463810000000000400e+03
5.469840000000000146e+03
5.475850000000000364e+03
5.480569999999999709e+03
5.533630000000000109e+03
5.578810000000000400e+03
5.587649999999999636e+03
5.594180000000000291e+03
5.600689999999999600e+03
5.613659999999999854e+03
5.620109999999999673e+03
5.624909999999999854e+03
5.631340000000000146e+03
5.637750000000000000e+03
5.644140000000000327e+03
5.650520000000000437e+03
5.656869999999999891e+03
5.656869999999999891e+03
5.663220000000000255e+03
5.667930000000000291e+03
5.674239999999999782e+03
5.680539999999999964e+03
