2.994309999999999945e+03
2.994309999999999945e+03
2.994309999999999945e+03
3.184980000000000018e+03
3.184980000000000018e+03
3.184980000000000018e+03
3.182199999999999818e+03
3.212820000000000164e+03
3.212820000000000164e+03
3.212820000000000164e+03
3.212820000000000164e+03
3.241320000000000164e+03
3.241320000000000164e+03
3.238989999999999782e+03
3.265909999999999854e+03
3.265909999999999854e+03
3.265909999999999854e+03
3.265909999999999854e+03
3.291320000000000164e+03
3.291320000000000164e+03
3.289309999999999945e+03
3.313550000000000182e+03
3.313550000000000182e+03
3.313550000000000182e+03
3.336630000000000109e+03
3.334860000000000127e+03
3.357030000000000200e+03
3.357030000000000200e+03
3.357030000000000200e+03
3.378289999999999964e+03
3.376699999999999818e+03
3.397230000000000018e+03
3.397230000000000018e+03
3.397230000000000018e+03
3.417000000000000000e+03
3.415570000000000164e+03
3.434739999999999782e+03
3.434739999999999782e+03
3.453280000000000200e+03
3.453280000000000200e+03
3.504809999999999945e+03
3.504809999999999945e+03
3.522010000000000218e+03
3.522010000000000218e+03
3.536769999999999982e+03
3.536769999999999982e+03
3.553260000000000218e+03
3.567400000000000091e+03
3.567400000000000091e+03
3.581300000000000182e+03
3.596860000000000127e+03
3.594929999999999836e+03
3.610210000000000036e+03
3.625210000000000036e+03
3.625210000000000036e+03
3.638090000000000146e+03
3.707510000000000218e+03
3.707510000000000218e+03
3.986150000000000091e+03
4.017980000000000018e+03
4.072619999999999891e+03
4.084000000000000000e+03
4.084000000000000000e+03
4.093800000000000182e+03
4.104989999999999782e+03
4.116079999999999927e+03
4.127069999999999709e+03
4.322220000000000255e+03
4.425720000000000255e+03
4.437699999999999818e+03
4.447380000000000109e+03
4.458810000000000400e+03
4.470039999999999964e+03
4.481000000000000000e+03
4.488939999999999600e+03
4.498890000000000327e+03
4.508770000000000437e+03
4.518590000000000146e+03
4.526329999999999927e+03
4.536039999999999964e+03
4.545680000000000291e+03
4.555260000000000218e+03
4.562819999999999709e+03
4.581720000000000255e+03
4.591079999999999927e+03
4.600380000000000109e+03
4.607720000000000255e+03
4.616930000000000291e+03
4.626090000000000146e+03
4.644239999999999782e+03
4.651380000000000109e+03
4.660340000000000146e+03
4.669250000000000000e+03
4.678109999999999673e+03
4.693880000000000109e+03
4.702609999999999673e+03
4.711289999999999964e+03
4.718140000000000327e+03
4.735300000000000182e+03
4.743810000000000400e+03
4.752279999999999745e+03
4.758970000000000255e+03
4.775720000000000255e+03
4.784029999999999745e+03
4.792300000000000182e+03
4.798829999999999927e+03
4.815189999999999600e+03
4.823310000000000400e+03
4.831399999999999636e+03
4.845800000000000182e+03
4.853779999999999745e+03
4.861729999999999563e+03
4.877510000000000218e+03
4.885350000000000364e+03
4.891539999999999964e+03
4.899319999999999709e+03
4.914770000000000437e+03
4.922449999999999818e+03
4.928510000000000218e+03
4.943720000000000255e+03
4.951279999999999745e+03
4.958810000000000400e+03
4.972210000000000036e+03
4.979649999999999636e+03
4.994449999999999818e+03
5.001800000000000182e+03
5.007600000000000364e+03
5.022170000000000073e+03
5.029420000000000073e+03
5.036630000000000109e+03
5.050989999999999782e+03
5.056630000000000109e+03
5.063750000000000000e+03
5.077899999999999636e+03
5.084930000000000291e+03
5.097470000000000255e+03
5.104430000000000291e+03
5.111369999999999891e+03
5.125180000000000291e+03
5.132050000000000182e+03
5.137449999999999818e+03
5.151079999999999927e+03
5.157859999999999673e+03
5.171340000000000146e+03
5.176640000000000327e+03
5.183329999999999927e+03
5.196640000000000327e+03
5.203270000000000437e+03
5.216449999999999818e+03
5.221630000000000109e+03
5.234689999999999600e+03
5.241189999999999600e+03
5.247670000000000073e+03
5.260569999999999709e+03
5.265630000000000109e+03
5.278420000000000073e+03
5.284779999999999745e+03
5.291130000000000109e+03
5.303760000000000218e+03
5.308710000000000036e+03
5.321239999999999782e+03
5.327470000000000255e+03
5.333689999999999600e+03
5.346069999999999709e+03
5.350920000000000073e+03
5.363199999999999818e+03
5.369310000000000400e+03
5.375399999999999636e+03
5.387539999999999964e+03
5.393579999999999927e+03
5.398319999999999709e+03
5.410329999999999927e+03
5.416310000000000400e+03
5.422270000000000437e+03
5.448430000000000291e+03
5.518649999999999636e+03
5.523489999999999782e+03
5.529970000000000255e+03
5.536430000000000291e+03
5.542869999999999891e+03
5.555710000000000036e+03
5.562100000000000364e+03
5.566840000000000146e+03
5.573210000000000036e+03
5.579550000000000182e+03
5.585880000000000109e+03
5.592189999999999600e+03
5.598479999999999563e+03
5.598479999999999563e+03
5.604760000000000218e+03
5.609420000000000073e+03
5.615670000000000073e+03
5.621899999999999636e+03
