2.978679999999999836e+03
2.978679999999999836e+03
2.978679999999999836e+03
3.168719999999999800e+03
3.168719999999999800e+03
3.168719999999999800e+03
3.165940000000000055e+03
3.196400000000000091e+03
3.196400000000000091e+03
3.196400000000000091e+03
3.196400000000000091e+03
3.224739999999999782e+03
3.224739999999999782e+03
3.222420000000000073e+03
3.249199999999999818e+03
3.249199999999999818e+03
3.249199999999999818e+03
3.249199999999999818e+03
3.274460000000000036e+03
3.274460000000000036e+03
3.272460000000000036e+03
3.296559999999999945e+03
3.296559999999999945e+03
3.296559999999999945e+03
3.319519999999999982e+03
3.317750000000000000e+03
3.339800000000000182e+03
3.339800000000000182e+03
3.339800000000000182e+03
3.360940000000000055e+03
3.359360000000000127e+03
3.379769999999999982e+03
3.379769999999999982e+03
3.379769999999999982e+03
3.399440000000000055e+03
3.398000000000000000e+03
3.417070000000000164e+03
3.417070000000000164e+03
3.435500000000000000e+03
3.435500000000000000e+03
3.487019999999999982e+03
3.487019999999999982e+03
3.504139999999999873e+03
3.504139999999999873e+03
3.518820000000000164e+03
3.518820000000000164e+03
3.535219999999999800e+03
3.549300000000000182e+03
3.549300000000000182e+03
3.563110000000000127e+03
3.578610000000000127e+03
3.576690000000000055e+03
3.591900000000000091e+03
3.606820000000000164e+03
3.606820000000000164e+03
3.619630000000000109e+03
3.641639999999999873e+03
3.641639999999999873e+03
3.965230000000000018e+03
3.975710000000000036e+03
4.040889999999999873e+03
4.063480000000000018e+03
4.063480000000000018e+03
4.073250000000000000e+03
4.084400000000000091e+03
4.095460000000000036e+03
4.110670000000000073e+03
4.343789999999999964e+03
4.407930000000000291e+03
4.419470000000000255e+03
4.427590000000000146e+03
4.437760000000000218e+03
4.447859999999999673e+03
4.457890000000000327e+03
4.465800000000000182e+03
4.475720000000000255e+03
4.485560000000000400e+03
4.495340000000000146e+03
4.503050000000000182e+03
4.512720000000000255e+03
4.522329999999999927e+03
4.531880000000000109e+03
4.539399999999999636e+03
4.558229999999999563e+03
4.567550000000000182e+03
4.576829999999999927e+03
4.584140000000000327e+03
4.593310000000000400e+03
4.602430000000000291e+03
4.620510000000000218e+03
4.627619999999999891e+03
4.636550000000000182e+03
4.645430000000000291e+03
4.654250000000000000e+03
4.669960000000000036e+03
4.678649999999999636e+03
4.687300000000000182e+03
4.694119999999999891e+03
4.711220000000000255e+03
4.719699999999999818e+03
4.728140000000000327e+03
4.734789999999999964e+03
4.751470000000000255e+03
4.759750000000000000e+03
4.767989999999999782e+03
4.774489999999999782e+03
4.790789999999999964e+03
4.798880000000000109e+03
4.806939999999999600e+03
4.821279999999999745e+03
4.829229999999999563e+03
4.837140000000000327e+03
4.852869999999999891e+03
4.860680000000000291e+03
4.866840000000000146e+03
4.874579999999999927e+03
4.889979999999999563e+03
4.897630000000000109e+03
4.903659999999999854e+03
4.918810000000000400e+03
4.926340000000000146e+03
4.933840000000000146e+03
4.947189999999999600e+03
4.954600000000000364e+03
4.969329999999999927e+03
4.976659999999999854e+03
4.982430000000000291e+03
4.996939999999999600e+03
5.004159999999999854e+03
5.011350000000000364e+03
5.025649999999999636e+03
5.031260000000000218e+03
5.038350000000000364e+03
5.052439999999999600e+03
5.059449999999999818e+03
5.071930000000000291e+03
5.078869999999999891e+03
5.085779999999999745e+03
5.099529999999999745e+03
5.106369999999999891e+03
5.111750000000000000e+03
5.125319999999999709e+03
5.132069999999999709e+03
5.145510000000000218e+03
5.150779999999999745e+03
5.157439999999999600e+03
5.170699999999999818e+03
5.177300000000000182e+03
5.190430000000000291e+03
5.195579999999999927e+03
5.208590000000000146e+03
5.215069999999999709e+03
5.221520000000000437e+03
5.234369999999999891e+03
5.239409999999999854e+03
5.252140000000000327e+03
5.258479999999999563e+03
5.264800000000000182e+03
5.277380000000000109e+03
5.282310000000000400e+03
5.294779999999999745e+03
5.300989999999999782e+03
5.307180000000000291e+03
5.319510000000000218e+03
5.324340000000000146e+03
5.336569999999999709e+03
5.342649999999999636e+03
5.348720000000000255e+03
5.360810000000000400e+03
5.366829999999999927e+03
5.371550000000000182e+03
5.383500000000000000e+03
5.389460000000000036e+03
5.419539999999999964e+03
5.464270000000000437e+03
5.489800000000000182e+03
5.494609999999999673e+03
5.501050000000000182e+03
5.507479999999999563e+03
5.513890000000000327e+03
5.526659999999999854e+03
5.533020000000000437e+03
5.537739999999999782e+03
5.544069999999999709e+03
5.550380000000000109e+03
5.556670000000000073e+03
5.562949999999999818e+03
5.569210000000000036e+03
5.569210000000000036e+03
5.575460000000000036e+03
5.580090000000000146e+03
5.586310000000000400e+03
5.592510000000000218e+03
