2.947360000000000127e+03
2.947360000000000127e+03
2.947360000000000127e+03
3.136099999999999909e+03
3.136099999999999909e+03
3.136099999999999909e+03
3.133349999999999909e+03
3.163469999999999800e+03
3.163469999999999800e+03
3.163469999999999800e+03
3.163469999999999800e+03
3.191500000000000000e+03
3.191500000000000000e+03
3.189190000000000055e+03
3.215670000000000073e+03
3.215670000000000073e+03
3.215670000000000073e+03
3.215670000000000073e+03
3.240650000000000091e+03
3.240650000000000091e+03
3.238659999999999854e+03
3.262500000000000000e+03
3.262500000000000000e+03
3.262500000000000000e+03
3.285199999999999818e+03
3.283440000000000055e+03
3.305239999999999782e+03
3.305239999999999782e+03
3.305239999999999782e+03
3.326150000000000091e+03
3.324579999999999927e+03
3.344760000000000218e+03
3.344760000000000218e+03
3.344760000000000218e+03
3.364210000000000036e+03
3.362780000000000200e+03
3.381630000000000109e+03
3.381630000000000109e+03
3.399860000000000127e+03
3.399860000000000127e+03
3.451329999999999927e+03
3.451329999999999927e+03
3.468280000000000200e+03
3.468280000000000200e+03
3.482809999999999945e+03
3.482809999999999945e+03
3.499050000000000182e+03
3.512980000000000018e+03
3.512980000000000018e+03
3.526650000000000091e+03
3.542000000000000000e+03
3.540090000000000146e+03
3.555150000000000091e+03
3.569920000000000073e+03
3.569920000000000073e+03
3.582599999999999909e+03
3.596869999999999891e+03
3.596869999999999891e+03
3.923280000000000200e+03
3.933650000000000091e+03
3.945559999999999945e+03
4.022320000000000164e+03
4.022320000000000164e+03
4.032030000000000200e+03
4.043099999999999909e+03
4.069829999999999927e+03
4.234350000000000364e+03
4.352850000000000364e+03
4.363189999999999600e+03
4.373420000000000073e+03
4.381470000000000255e+03
4.391569999999999709e+03
4.401600000000000364e+03
4.411560000000000400e+03
4.419399999999999636e+03
4.429239999999999782e+03
4.439010000000000218e+03
4.448720000000000255e+03
4.456369999999999891e+03
4.465960000000000036e+03
4.475500000000000000e+03
4.484970000000000255e+03
4.492439999999999600e+03
4.511119999999999891e+03
4.520380000000000109e+03
4.529569999999999709e+03
4.536829999999999927e+03
4.545930000000000291e+03
4.554979999999999563e+03
4.572920000000000073e+03
4.579979999999999563e+03
4.588829999999999927e+03
4.597640000000000327e+03
4.606399999999999636e+03
4.621979999999999563e+03
4.630609999999999673e+03
4.639189999999999600e+03
4.645949999999999818e+03
4.662909999999999854e+03
4.671329999999999927e+03
4.679699999999999818e+03
4.686300000000000182e+03
4.702850000000000364e+03
4.711060000000000400e+03
4.719239999999999782e+03
4.725680000000000291e+03
4.741850000000000364e+03
4.749880000000000109e+03
4.757869999999999891e+03
4.772090000000000146e+03
4.779979999999999563e+03
4.787829999999999927e+03
4.803430000000000291e+03
4.811180000000000291e+03
4.817279999999999745e+03
4.824970000000000255e+03
4.840239999999999782e+03
4.847829999999999927e+03
4.853810000000000400e+03
4.868840000000000146e+03
4.876300000000000182e+03
4.883739999999999782e+03
4.896979999999999563e+03
4.904329999999999927e+03
4.918949999999999818e+03
4.926210000000000036e+03
4.931930000000000291e+03
4.946329999999999927e+03
4.953489999999999782e+03
4.960619999999999891e+03
4.974800000000000182e+03
4.980369999999999891e+03
4.987399999999999636e+03
5.001380000000000109e+03
5.008329999999999927e+03
5.020699999999999818e+03
5.027579999999999927e+03
5.034439999999999600e+03
5.048079999999999927e+03
5.054859999999999673e+03
5.060199999999999818e+03
5.073659999999999854e+03
5.080350000000000364e+03
5.093670000000000073e+03
5.098899999999999636e+03
5.105510000000000218e+03
5.118659999999999854e+03
5.125199999999999818e+03
5.138220000000000255e+03
5.143329999999999927e+03
5.156229999999999563e+03
5.162649999999999636e+03
5.169050000000000182e+03
5.181789999999999964e+03
5.186789999999999964e+03
5.199420000000000073e+03
5.205699999999999818e+03
5.211970000000000255e+03
5.224439999999999600e+03
5.229329999999999927e+03
5.241699999999999818e+03
5.247859999999999673e+03
5.254000000000000000e+03
5.266220000000000255e+03
5.271010000000000218e+03
5.283130000000000109e+03
5.289170000000000073e+03
5.295180000000000291e+03
5.307170000000000073e+03
5.313140000000000327e+03
5.317819999999999709e+03
5.329670000000000073e+03
5.398640000000000327e+03
5.415949999999999818e+03
5.420750000000000000e+03
5.431939999999999600e+03
5.436699999999999818e+03
5.443079999999999927e+03
5.449439999999999600e+03
5.455779999999999745e+03
5.468420000000000073e+03
5.474710000000000036e+03
5.479380000000000109e+03
5.485640000000000327e+03
5.491890000000000327e+03
5.498119999999999891e+03
5.504329999999999927e+03
5.510529999999999745e+03
5.510529999999999745e+03
5.516710000000000036e+03
5.521289999999999964e+03
5.527449999999999818e+03
5.533579999999999927e+03
