3.087599999999999909e+03
3.087599999999999909e+03
3.087599999999999909e+03
3.119719999999999800e+03
3.119719999999999800e+03
3.119719999999999800e+03
3.116960000000000036e+03
3.146960000000000036e+03
3.146960000000000036e+03
3.146960000000000036e+03
3.146960000000000036e+03
3.174849999999999909e+03
3.174849999999999909e+03
3.172550000000000182e+03
3.198889999999999873e+03
3.198889999999999873e+03
3.198889999999999873e+03
3.198889999999999873e+03
3.223739999999999782e+03
3.223739999999999782e+03
3.221750000000000000e+03
3.245449999999999818e+03
3.245449999999999818e+03
3.245449999999999818e+03
3.268010000000000218e+03
3.266260000000000218e+03
3.287920000000000073e+03
3.287920000000000073e+03
3.287920000000000073e+03
3.308690000000000055e+03
3.307119999999999891e+03
3.327170000000000073e+03
3.327170000000000073e+03
3.327170000000000073e+03
3.346489999999999782e+03
3.345070000000000164e+03
3.363789999999999964e+03
3.363789999999999964e+03
3.381889999999999873e+03
3.381889999999999873e+03
3.433440000000000055e+03
3.433440000000000055e+03
3.450300000000000182e+03
3.450300000000000182e+03
3.464760000000000218e+03
3.464760000000000218e+03
3.480920000000000073e+03
3.494780000000000200e+03
3.494780000000000200e+03
3.508380000000000109e+03
3.523650000000000091e+03
3.521750000000000000e+03
3.536730000000000018e+03
3.551429999999999836e+03
3.551429999999999836e+03
3.564050000000000182e+03
3.578250000000000000e+03
3.578250000000000000e+03
3.900199999999999818e+03
3.910619999999999891e+03
3.922659999999999854e+03
3.997519999999999982e+03
3.997519999999999982e+03
4.007159999999999854e+03
4.018230000000000018e+03
4.051389999999999873e+03
4.079860000000000127e+03
4.331029999999999745e+03
4.341210000000000036e+03
4.351359999999999673e+03
4.359319999999999709e+03
4.369310000000000400e+03
4.379229999999999563e+03
4.389079999999999927e+03
4.396840000000000146e+03
4.406579999999999927e+03
4.416250000000000000e+03
4.425859999999999673e+03
4.433430000000000291e+03
4.442930000000000291e+03
4.452380000000000109e+03
4.461760000000000218e+03
4.469149999999999636e+03
4.487659999999999854e+03
4.496840000000000146e+03
4.505960000000000036e+03
4.513140000000000327e+03
4.522170000000000073e+03
4.531140000000000327e+03
4.548939999999999600e+03
4.555930000000000291e+03
4.564710000000000036e+03
4.573449999999999818e+03
4.582140000000000327e+03
4.597590000000000146e+03
4.606159999999999854e+03
4.614680000000000291e+03
4.621380000000000109e+03
4.638220000000000255e+03
4.646579999999999927e+03
4.654890000000000327e+03
4.661430000000000291e+03
4.677880000000000109e+03
4.686039999999999964e+03
4.694159999999999854e+03
4.700550000000000182e+03
4.716619999999999891e+03
4.724600000000000364e+03
4.732539999999999964e+03
4.746659999999999854e+03
4.754500000000000000e+03
4.762310000000000400e+03
4.777819999999999709e+03
4.785529999999999745e+03
4.791579999999999927e+03
4.799220000000000255e+03
4.814420000000000073e+03
4.821970000000000255e+03
4.827890000000000327e+03
4.842850000000000364e+03
4.850279999999999745e+03
4.857680000000000291e+03
4.870829999999999927e+03
4.878149999999999636e+03
4.892689999999999600e+03
4.899930000000000291e+03
4.905590000000000146e+03
4.919930000000000291e+03
4.927060000000000400e+03
4.934159999999999854e+03
4.948279999999999745e+03
4.953789999999999964e+03
4.960789999999999964e+03
4.974720000000000255e+03
4.981640000000000327e+03
4.993939999999999600e+03
5.000789999999999964e+03
5.007619999999999891e+03
5.021210000000000036e+03
5.027960000000000036e+03
5.033250000000000000e+03
5.046659999999999854e+03
5.053329999999999927e+03
5.066600000000000364e+03
5.071779999999999745e+03
5.078369999999999891e+03
5.091470000000000255e+03
5.097989999999999782e+03
5.110970000000000255e+03
5.116029999999999745e+03
5.128890000000000327e+03
5.135289999999999964e+03
5.141670000000000073e+03
5.154369999999999891e+03
5.159319999999999709e+03
5.171909999999999854e+03
5.178180000000000291e+03
5.184420000000000073e+03
5.196859999999999673e+03
5.201710000000000036e+03
5.214039999999999964e+03
5.220180000000000291e+03
5.226300000000000182e+03
5.238489999999999782e+03
5.243229999999999563e+03
5.255319999999999709e+03
5.261340000000000146e+03
5.300100000000000364e+03
5.397239999999999782e+03
5.403329999999999927e+03
5.408079999999999927e+03
5.420180000000000291e+03
5.426210000000000036e+03
5.432229999999999563e+03
5.436920000000000073e+03
5.447579999999999927e+03
5.452239999999999782e+03
5.458189999999999600e+03
5.464130000000000109e+03
5.470050000000000182e+03
5.481859999999999673e+03
5.487739999999999782e+03
5.492329999999999927e+03
5.498180000000000291e+03
5.504029999999999745e+03
5.509859999999999673e+03
5.515680000000000291e+03
5.521479999999999563e+03
5.521479999999999563e+03
5.527270000000000437e+03
5.531789999999999964e+03
5.537550000000000182e+03
5.543310000000000400e+03
