2.931659999999999854e+03
2.931659999999999854e+03
2.931659999999999854e+03
3.119750000000000000e+03
3.119750000000000000e+03
3.119750000000000000e+03
3.117000000000000000e+03
3.146949999999999818e+03
3.146949999999999818e+03
3.146949999999999818e+03
3.146949999999999818e+03
3.174829999999999927e+03
3.174829999999999927e+03
3.172530000000000200e+03
3.198860000000000127e+03
3.198860000000000127e+03
3.198860000000000127e+03
3.198860000000000127e+03
3.223699999999999818e+03
3.223699999999999818e+03
3.221710000000000036e+03
3.245420000000000073e+03
3.245420000000000073e+03
3.245420000000000073e+03
3.267989999999999782e+03
3.266230000000000018e+03
3.287920000000000073e+03
3.287920000000000073e+03
3.287920000000000073e+03
3.308699999999999818e+03
3.307130000000000109e+03
3.327199999999999818e+03
3.327199999999999818e+03
3.327199999999999818e+03
3.346539999999999964e+03
3.345119999999999891e+03
3.363860000000000127e+03
3.363860000000000127e+03
3.381989999999999782e+03
3.381989999999999782e+03
3.433429999999999836e+03
3.433429999999999836e+03
3.450289999999999964e+03
3.450289999999999964e+03
3.464750000000000000e+03
3.464750000000000000e+03
3.480909999999999854e+03
3.494769999999999982e+03
3.494769999999999982e+03
3.508369999999999891e+03
3.523639999999999873e+03
3.521739999999999782e+03
3.536719999999999800e+03
3.551420000000000073e+03
3.551420000000000073e+03
3.564039999999999964e+03
3.578239999999999782e+03
3.578239999999999782e+03
3.902260000000000218e+03
3.912559999999999945e+03
3.924409999999999854e+03
3.951219999999999800e+03
3.951219999999999800e+03
4.014070000000000164e+03
4.044280000000000200e+03
4.066420000000000073e+03
4.300250000000000000e+03
4.329840000000000146e+03
4.340140000000000327e+03
4.350329999999999927e+03
4.358350000000000364e+03
4.368409999999999854e+03
4.378399999999999636e+03
4.388319999999999709e+03
4.396140000000000327e+03
4.405939999999999600e+03
4.415670000000000073e+03
4.425340000000000146e+03
4.432960000000000036e+03
4.442520000000000437e+03
4.452020000000000437e+03
4.461460000000000036e+03
4.468890000000000327e+03
4.487500000000000000e+03
4.496720000000000255e+03
4.505880000000000109e+03
4.513109999999999673e+03
4.522170000000000073e+03
4.531189999999999600e+03
4.549060000000000400e+03
4.556079999999999927e+03
4.564899999999999636e+03
4.573680000000000291e+03
4.582399999999999636e+03
4.597920000000000073e+03
4.606510000000000218e+03
4.615060000000000400e+03
4.621800000000000182e+03
4.638689999999999600e+03
4.647069999999999709e+03
4.655409999999999854e+03
4.661979999999999563e+03
4.678460000000000036e+03
4.686640000000000327e+03
4.694789999999999964e+03
4.701199999999999818e+03
4.717310000000000400e+03
4.725300000000000182e+03
4.733260000000000218e+03
4.747420000000000073e+03
4.755279999999999745e+03
4.763100000000000364e+03
4.778640000000000327e+03
4.786350000000000364e+03
4.792430000000000291e+03
4.800090000000000146e+03
4.815300000000000182e+03
4.822850000000000364e+03
4.828810000000000400e+03
4.843770000000000437e+03
4.851210000000000036e+03
4.858619999999999891e+03
4.871800000000000182e+03
4.879119999999999891e+03
4.893680000000000291e+03
4.900909999999999854e+03
4.906609999999999673e+03
4.920949999999999818e+03
4.928079999999999927e+03
4.935180000000000291e+03
4.949300000000000182e+03
4.954840000000000146e+03
4.961840000000000146e+03
4.975760000000000218e+03
4.982680000000000291e+03
4.995010000000000218e+03
5.001859999999999673e+03
5.008689999999999600e+03
5.022270000000000437e+03
5.029020000000000437e+03
5.034340000000000146e+03
5.047739999999999782e+03
5.054399999999999636e+03
5.067670000000000073e+03
5.072869999999999891e+03
5.079449999999999818e+03
5.092550000000000182e+03
5.099060000000000400e+03
5.112029999999999745e+03
5.117119999999999891e+03
5.129970000000000255e+03
5.136359999999999673e+03
5.142729999999999563e+03
5.155420000000000073e+03
5.160390000000000327e+03
5.172970000000000255e+03
5.179229999999999563e+03
5.185460000000000036e+03
5.197890000000000327e+03
5.202750000000000000e+03
5.215069999999999709e+03
5.221199999999999818e+03
5.227310000000000400e+03
5.239489999999999782e+03
5.244250000000000000e+03
5.256319999999999709e+03
5.262329999999999927e+03
5.268329999999999927e+03
5.280260000000000218e+03
5.286199999999999818e+03
5.290859999999999673e+03
5.359800000000000182e+03
5.380619999999999891e+03
5.387039999999999964e+03
5.391810000000000400e+03
5.402939999999999600e+03
5.407670000000000073e+03
5.414020000000000437e+03
5.420350000000000364e+03
5.426659999999999854e+03
5.439229999999999563e+03
5.445489999999999782e+03
5.450130000000000109e+03
5.456359999999999673e+03
5.462569999999999709e+03
5.468770000000000437e+03
5.474949999999999818e+03
5.481109999999999673e+03
5.481109999999999673e+03
5.487260000000000218e+03
5.491819999999999709e+03
5.497939999999999600e+03
5.504039999999999964e+03
