0.000000000000000000e+00
1.541066000000000000e+08
3.110849000000000000e+08
4.710551000000000000e+08
6.342403000000000000e+08
8.008883000000000000e+08
9.713643000000000000e+08
1.145847000000000000e+09
1.324617000000000000e+09
1.507645000000000000e+09
1.695193000000000000e+09
1.887298000000000000e+09
2.083754000000000000e+09
2.284603000000000000e+09
2.489593000000000000e+09
2.698913000000000000e+09
2.912450000000000000e+09
3.130478000000000000e+09
3.353009000000000000e+09
3.580150000000000000e+09
3.812195000000000000e+09
4.049069000000000000e+09
4.290975000000000000e+09
4.538118000000000000e+09
4.790517000000000000e+09
5.048381000000000000e+09
5.311915000000000000e+09
5.581145000000000000e+09
5.856187000000000000e+09
6.137348000000000000e+09
6.424657000000000000e+09
6.718332000000000000e+09
7.018410000000000000e+09
7.325215000000000000e+09
7.638799000000000000e+09
7.959317000000000000e+09
8.287128000000000000e+09
8.622223000000000000e+09
8.964882000000000000e+09
9.315290000000000000e+09
9.673622000000000000e+09
1.004013000000000000e+10
1.041479000000000000e+10
1.079799000000000000e+10
1.118952000000000000e+10
1.158995000000000000e+10
1.199909000000000000e+10
1.241706000000000000e+10
1.284395000000000000e+10
1.327954000000000000e+10
1.372414000000000000e+10
1.418495000000000000e+10
1.466267000000000000e+10
1.515000000000000000e+10
1.564679000000000000e+10
1.615353000000000000e+10
1.666987000000000000e+10
1.719590000000000000e+10
1.773169000000000000e+10
1.827709000000000000e+10
1.883198000000000000e+10
1.939664000000000000e+10
1.997072000000000000e+10
2.055432000000000000e+10
2.114738000000000000e+10
2.174994000000000000e+10
2.236233000000000000e+10
2.298552000000000000e+10
2.364004000000000000e+10
2.432556000000000000e+10
2.502200000000000000e+10
2.572939000000000000e+10
2.644747000000000000e+10
2.717629000000000000e+10
2.791513000000000000e+10
2.866349000000000000e+10
2.942045000000000000e+10
3.018518000000000000e+10
3.095731000000000000e+10
3.173621000000000000e+10
3.252182000000000000e+10
3.331366000000000000e+10
3.411150000000000000e+10
3.491560000000000000e+10
3.572549000000000000e+10
3.654071000000000000e+10
3.736176000000000000e+10
3.818791000000000000e+10
3.901919000000000000e+10
3.985537000000000000e+10
4.069644000000000000e+10
4.154219000000000000e+10
4.239262000000000000e+10
4.324724000000000000e+10
4.410630000000000000e+10
4.496933000000000000e+10
4.583632000000000000e+10
4.670753000000000000e+10
4.758221000000000000e+10
4.846088000000000000e+10
4.934303000000000000e+10
5.022867000000000000e+10
5.111779000000000000e+10
5.201041000000000000e+10
5.290600000000000000e+10
5.380484000000000000e+10
5.470692000000000000e+10
5.561199000000000000e+10
5.651979000000000000e+10
5.743083000000000000e+10
5.834460000000000000e+10
5.926110000000000000e+10
6.018033000000000000e+10
6.110228000000000000e+10
6.202669000000000000e+10
6.295409000000000000e+10
6.388369000000000000e+10
6.481575000000000000e+10
6.575052000000000000e+10
6.668775000000000000e+10
6.762690000000000000e+10
6.856903000000000000e+10
6.951307000000000000e+10
7.045956000000000000e+10
7.140795000000000000e+10
7.235878000000000000e+10
7.331205000000000000e+10
7.426721000000000000e+10
7.522426000000000000e+10
7.618374000000000000e+10
7.714537000000000000e+10
7.810888000000000000e+10
7.907454000000000000e+10
8.004180000000000000e+10
8.101147000000000000e+10
8.198272000000000000e+10
8.295583000000000000e+10
8.393080000000000000e+10
8.490761000000000000e+10
8.588626000000000000e+10
8.686648000000000000e+10
8.784853000000000000e+10
8.883185000000000000e+10
8.981699000000000000e+10
9.080340000000000000e+10
9.179106000000000000e+10
9.278024000000000000e+10
9.377066000000000000e+10
9.476175000000000000e+10
9.575407000000000000e+10
9.674703000000000000e+10
9.774092000000000000e+10
9.873488000000000000e+10
9.972917000000000000e+10
1.007235000000000000e+11
1.017179000000000000e+11
1.027114000000000000e+11
1.037040000000000000e+11
1.046955000000000000e+11
1.056853000000000000e+11
1.066730000000000000e+11
1.076580000000000000e+11
1.086400000000000000e+11
1.096179000000000000e+11
1.105916000000000000e+11
1.115599000000000000e+11
1.125222000000000000e+11
1.134779000000000000e+11
1.144255000000000000e+11
1.153647000000000000e+11
1.162938000000000000e+11
1.172124000000000000e+11
1.181192000000000000e+11
1.190136000000000000e+11
1.198957000000000000e+11
1.207655000000000000e+11
1.216222000000000000e+11
1.224633000000000000e+11
1.232871000000000000e+11
1.240923000000000000e+11
1.248781000000000000e+11
1.256444000000000000e+11
1.263903000000000000e+11
1.271158000000000000e+11
1.278208000000000000e+11
1.285052000000000000e+11
1.291688000000000000e+11
1.298121000000000000e+11
1.304353000000000000e+11
1.310388000000000000e+11
1.316230000000000000e+11
1.321884000000000000e+11
1.327352000000000000e+11
