3.075690000000000055e+03
3.079822000000000116e+03
3.085842999999999847e+03
3.095623999999999796e+03
3.111795000000000073e+03
3.136518000000000029e+03
3.169132999999999811e+03
3.205065999999999804e+03
3.239248000000000047e+03
3.276601000000000113e+03
3.313869999999999891e+03
3.344088000000000193e+03
3.364307999999999993e+03
3.376500000000000000e+03
3.384170999999999822e+03
3.389911999999999807e+03
3.395012999999999920e+03
3.399983000000000175e+03
3.404981999999999971e+03
3.410052000000000135e+03
3.415206999999999880e+03
3.420447000000000116e+03
3.425773999999999887e+03
3.431193000000000211e+03
3.436702000000000226e+03
3.442304999999999836e+03
3.448005000000000109e+03
3.453800999999999931e+03
3.459693000000000211e+03
3.465688000000000102e+03
3.471784000000000106e+03
3.477985000000000127e+03
3.484288000000000011e+03
3.490699999999999818e+03
3.497217999999999847e+03
3.503844999999999800e+03
3.510583999999999833e+03
3.517434999999999945e+03
3.524402000000000044e+03
3.531501000000000204e+03
3.538769999999999982e+03
3.546329999999999927e+03
3.554483000000000175e+03
3.563942000000000007e+03
3.576036999999999807e+03
3.592574000000000069e+03
3.614570999999999913e+03
3.640599999999999909e+03
3.667231000000000222e+03
3.695961999999999989e+03
3.726268999999999778e+03
3.753375000000000000e+03
3.774902000000000044e+03
3.791900000000000091e+03
3.806516000000000076e+03
3.820262000000000171e+03
3.833824999999999818e+03
3.847465999999999894e+03
3.861324000000000069e+03
3.875597999999999956e+03
3.890757999999999811e+03
3.907875000000000000e+03
3.929061000000000149e+03
3.957842999999999847e+03
3.998514999999999873e+03
4.053467000000000098e+03
4.119502999999999702e+03
4.187770000000000437e+03
4.250895999999999731e+03
4.317550000000000182e+03
4.381725999999999658e+03
4.433689000000000306e+03
4.469770000000000437e+03
4.492990999999999985e+03
4.508569000000000415e+03
4.520536000000000058e+03
4.531082999999999629e+03
4.541162000000000262e+03
4.551125000000000000e+03
4.561077000000000226e+03
4.571047999999999774e+03
4.581041000000000167e+03
4.591051999999999680e+03
4.601086000000000240e+03
4.611136000000000422e+03
4.621195999999999913e+03
4.631271999999999935e+03
4.641354999999999563e+03
4.651444999999999709e+03
4.661538999999999760e+03
4.671636999999999716e+03
4.681735999999999876e+03
4.691836000000000240e+03
4.701930999999999585e+03
4.712024000000000342e+03
4.722109999999999673e+03
4.732188000000000102e+03
4.742262999999999920e+03
4.752323999999999614e+03
4.762377999999999702e+03
4.772418999999999869e+03
4.782448000000000320e+03
4.792465000000000146e+03
4.802469000000000051e+03
4.812456000000000131e+03
4.822427999999999884e+03
4.832386000000000422e+03
4.842327000000000226e+03
4.852247999999999593e+03
4.862154999999999745e+03
4.872042999999999665e+03
4.881912000000000262e+03
4.891761999999999716e+03
4.901594000000000051e+03
4.911404000000000451e+03
4.921198999999999614e+03
4.930970000000000255e+03
4.940720999999999549e+03
4.950453999999999724e+03
4.960167000000000371e+03
4.969854999999999563e+03
4.979528000000000247e+03
4.989176999999999680e+03
4.998805999999999585e+03
5.008411000000000058e+03
5.017997000000000298e+03
5.027564000000000306e+03
5.037108000000000175e+03
5.046627999999999702e+03
5.056128999999999905e+03
5.065610999999999876e+03
5.075069000000000415e+03
5.084506999999999607e+03
5.093920000000000073e+03
5.103315999999999804e+03
5.112686999999999898e+03
5.122036000000000058e+03
5.131363000000000284e+03
5.140668999999999869e+03
5.149953000000000429e+03
5.159213999999999942e+03
5.168453000000000429e+03
5.177667000000000371e+03
5.186859999999999673e+03
5.196027000000000044e+03
5.205168999999999869e+03
5.214287999999999556e+03
5.223381999999999607e+03
5.232445999999999913e+03
5.241485999999999876e+03
5.250496000000000095e+03
5.259479000000000269e+03
5.268427999999999884e+03
5.277345999999999549e+03
5.286229999999999563e+03
5.295079999999999927e+03
5.303890000000000327e+03
5.312658999999999651e+03
5.321386000000000422e+03
5.330064000000000306e+03
5.338693000000000211e+03
5.347268000000000029e+03
5.355786000000000058e+03
5.364238000000000284e+03
5.372623999999999796e+03
5.380935000000000400e+03
5.389166000000000167e+03
5.397313000000000102e+03
5.405363000000000284e+03
5.413314999999999600e+03
5.421157000000000153e+03
5.428891999999999825e+03
5.436788999999999760e+03
5.448597999999999956e+03
5.471628999999999905e+03
5.497484999999999673e+03
5.520846999999999753e+03
5.532430000000000291e+03
5.539961000000000240e+03
5.546887999999999920e+03
5.553613000000000284e+03
5.560154000000000451e+03
5.566506000000000313e+03
5.572667999999999665e+03
5.578641999999999825e+03
5.584429000000000087e+03
5.590027000000000044e+03
5.595443000000000211e+03
5.600679000000000087e+03
5.605738999999999578e+03
5.610627999999999702e+03
5.615350999999999658e+03
5.619911000000000058e+03
