3.137422000000000025e+03
3.137422000000000025e+03
3.137422000000000025e+03
3.192515499999999975e+03
3.192515499999999975e+03
3.192515499999999975e+03
3.190087999999999738e+03
3.236269999999999982e+03
3.236269999999999982e+03
3.236269999999999982e+03
3.236269999999999982e+03
3.271873999999999796e+03
3.271873999999999796e+03
3.269186499999999796e+03
3.298715499999999793e+03
3.298715499999999793e+03
3.298715499999999793e+03
3.298715499999999793e+03
3.329494999999999891e+03
3.329494999999999891e+03
3.326828500000000076e+03
3.351274500000000444e+03
3.351274500000000444e+03
3.351274500000000444e+03
3.373813000000000102e+03
3.373813000000000102e+03
3.392944999999999709e+03
3.392944999999999709e+03
3.392944999999999709e+03
3.412740999999999985e+03
3.412740999999999985e+03
3.429976999999999862e+03
3.429976999999999862e+03
3.429976999999999862e+03
3.448617999999999938e+03
3.448617999999999938e+03
3.465405999999999949e+03
3.465405999999999949e+03
3.483385500000000320e+03
3.483385500000000320e+03
3.499972999999999956e+03
3.499972999999999956e+03
3.530602499999999964e+03
3.530602499999999964e+03
3.551752500000000055e+03
3.550186499999999796e+03
3.568048499999999876e+03
3.586575500000000375e+03
3.586575500000000375e+03
3.605616499999999633e+03
3.756327999999999520e+03
3.754363500000000386e+03
3.776630999999999858e+03
3.791052999999999884e+03
3.789409499999999753e+03
3.803839999999999691e+03
3.818285499999999956e+03
3.818285499999999956e+03
3.831138500000000022e+03
3.845630999999999858e+03
3.898602499999999964e+03
3.933514999999999873e+03
3.931980500000000120e+03
3.946327000000000226e+03
3.960371499999999742e+03
3.984645999999999731e+03
4.003362000000000080e+03
4.040186999999999898e+03
4.300022999999999229e+03
4.317541000000000167e+03
4.333114499999999680e+03
4.348110499999999774e+03
4.359493000000000393e+03
4.371220999999999549e+03
4.386780499999999847e+03
4.406233000000000175e+03
4.441814000000000306e+03
4.452410499999999956e+03
4.462925000000000182e+03
4.473362000000000080e+03
4.481817500000000109e+03
4.492119999999999891e+03
4.502350999999999658e+03
4.522630500000000211e+03
4.530827999999999520e+03
4.540825499999999920e+03
4.550770500000000538e+03
4.560664499999999862e+03
4.568622499999999491e+03
4.587950499999999920e+03
4.597462499999999636e+03
4.605119499999998880e+03
4.614532999999999447e+03
4.623886499999999614e+03
4.642429500000000189e+03
4.649876500000000306e+03
4.659032999999999447e+03
4.668139500000000226e+03
4.686197000000000116e+03
4.693455500000000029e+03
4.702366500000000087e+03
4.711244499999999789e+03
4.728846499999999651e+03
4.735916500000000269e+03
4.744617500000000291e+03
4.753280000000000655e+03
4.770456500000000233e+03
4.777366500000000087e+03
4.785860499999999774e+03
4.802728499999999258e+03
4.811103999999999360e+03
4.817845499999999447e+03
4.834417999999999665e+03
4.842643500000000131e+03
4.850831999999999425e+03
4.857424999999999272e+03
4.873639000000000124e+03
4.881688999999999396e+03
4.889707499999999527e+03
4.904118999999999687e+03
4.912039000000000669e+03
4.919927500000000691e+03
4.935599000000000160e+03
4.941893500000000131e+03
4.957386499999999614e+03
4.965087999999999738e+03
4.972759499999999207e+03
4.988005500000000211e+03
4.994121500000000196e+03
5.001674500000000080e+03
5.016700499999999920e+03
5.024164999999999964e+03
5.030170999999999367e+03
5.044971499999999651e+03
5.052336000000000240e+03
5.066976499999999760e+03
5.072844000000000051e+03
5.080101500000000669e+03
5.094542000000000371e+03
5.101719499999999243e+03
5.108877000000000407e+03
5.121731999999999061e+03
5.128811000000000604e+03
5.142907500000000255e+03
5.149914999999999964e+03
5.156904000000000451e+03
5.169461999999999534e+03
5.176380999999999403e+03
5.190160499999999047e+03
5.197009499999999207e+03
5.209322000000000116e+03
5.216112499999999272e+03
5.222881499999999505e+03
5.236353999999999360e+03
5.243064500000000407e+03
5.255108500000000276e+03
5.261750500000000102e+03
5.268380999999999403e+03
5.281574999999999818e+03
5.288137000000000626e+03
5.299923999999999978e+03
5.306435999999999694e+03
5.312927999999999884e+03
5.325854999999999563e+03
5.332288499999999658e+03
5.343836999999999534e+03
5.350220499999999447e+03
5.356584000000000742e+03
5.369252499999999600e+03
5.375565999999999804e+03
5.381860999999999876e+03
5.441023000000000138e+03
5.447648999999999432e+03
5.454264999999999418e+03
5.459394500000000335e+03
5.475353999999999360e+03
5.484877499999999600e+03
5.490037999999999556e+03
5.496597999999999956e+03
5.503156499999999141e+03
5.516211000000000240e+03
5.522713999999999942e+03
5.529209999999999127e+03
5.534282500000000255e+03
5.540748500000000604e+03
5.547197499999999309e+03
5.553627999999999702e+03
5.560048499999998967e+03
5.560048499999998967e+03
5.566458999999999833e+03
5.572844000000000051e+03
5.579225999999999658e+03
5.584207499999999527e+03
