3.182382437500000378e+03
3.186031124999999520e+03
3.190622824999999466e+03
3.197068500000000313e+03
3.206653037500000210e+03
3.220438474999999926e+03
3.238116237499999897e+03
3.257469187499999862e+03
3.276030250000000251e+03
3.296200712500000009e+03
3.316394462499999918e+03
3.333202374999999847e+03
3.345168737500000134e+03
3.353247849999999744e+03
3.359148075000000063e+03
3.364138537499999984e+03
3.368849712499999896e+03
3.373534637499999917e+03
3.378270162499999969e+03
3.383078037500000391e+03
3.387969250000000102e+03
3.392940250000000106e+03
3.397996037500000057e+03
3.403138337500000489e+03
3.408368875000000116e+03
3.413689737499999865e+03
3.419107737499999985e+03
3.424623862500000087e+03
3.430246187500000360e+03
3.435989675000000261e+03
3.441871362500000032e+03
3.447921249999999418e+03
3.454184112500000083e+03
3.460727649999999812e+03
3.467638324999999895e+03
3.475016637500000343e+03
3.482965099999999893e+03
3.491537624999999935e+03
3.500720900000000256e+03
3.510408712499999638e+03
3.520423712499999965e+03
3.530577137499999935e+03
3.541157524999999623e+03
3.552311612500000138e+03
3.563779012500000135e+03
3.575244649999999638e+03
3.586402375000000120e+03
3.597093600000000151e+03
3.607320137499999873e+03
3.617188549999999850e+03
3.741585625000000618e+03
3.754455524999999852e+03
3.767364575000000059e+03
3.780360150000000431e+03
3.793465699999999742e+03
3.806705087499999991e+03
3.820071474999999737e+03
3.833566399999999703e+03
3.847187949999999546e+03
3.860930850000000191e+03
3.874789549999999963e+03
3.888774300000000039e+03
3.902895037499999489e+03
3.917207124999999905e+03
3.931857087499999579e+03
3.947189637499999662e+03
3.963911637499999415e+03
3.983189787499999966e+03
4.283650287500000559e+03
4.308200312500001019e+03
4.335468824999999924e+03
4.362417362500000309e+03
4.388314612500000294e+03
4.415118099999999686e+03
4.439816499999999905e+03
4.460107125000000451e+03
4.475955524999999398e+03
4.488805162499999824e+03
4.500129149999999754e+03
4.510825012500000412e+03
4.521316062500000044e+03
4.531756975000000239e+03
4.542197312500000407e+03
4.552655025000000023e+03
4.563126650000000154e+03
4.573607912499999657e+03
4.584104175000000396e+03
4.594606799999999566e+03
4.605115062500000022e+03
4.615625962500000242e+03
4.626140500000000429e+03
4.636654399999999441e+03
4.647167937500000335e+03
4.657675112500000068e+03
4.668179562499999520e+03
4.678675012499999866e+03
4.689162099999999555e+03
4.699643462500000169e+03
4.710110099999999875e+03
4.720567737499999566e+03
4.731012012500000310e+03
4.741442199999999502e+03
4.751858024999999543e+03
4.762260487499999726e+03
4.772644225000000006e+03
4.783011237499999879e+03
4.793361887500000194e+03
4.803694812499999898e+03
4.814005650000000060e+03
4.824301487499999894e+03
4.834576600000000326e+03
4.844830624999999600e+03
4.855064287500000319e+03
4.865277587499999754e+03
4.875468800000000556e+03
4.885642649999999776e+03
4.895791412499999751e+03
4.905917812499999854e+03
4.916025487500000054e+03
4.926111437500000648e+03
4.936170299999999770e+03
4.946213799999999537e+03
4.956230575000000499e+03
4.966226987500000178e+03
4.976197312500000407e+03
4.986146912500000326e+03
4.996076512499999808e+03
5.005981025000000045e+03
5.015860450000000128e+03
5.025720512500000041e+03
5.035558212500000081e+03
5.045371825000000172e+03
5.055164074999999684e+03
5.064929237499999545e+03
5.074676400000000285e+03
5.084397112500000731e+03
5.094094825000000128e+03
5.103769087499999841e+03
5.113420350000000326e+03
5.123048887499999182e+03
5.132652699999999641e+03
5.142233787500000290e+03
5.151787150000000111e+03
5.161319424999999683e+03
5.170823699999999917e+03
5.180301887499999793e+03
5.189756349999999657e+03
5.199184087499999805e+03
5.208580100000000130e+03
5.217950387500000033e+03
5.227288950000000114e+03
5.236600425000000541e+03
5.245875175000000127e+03
5.255117837499999951e+03
5.264324775000000045e+03
5.273496624999999767e+03
5.282625750000000153e+03
5.291712424999999712e+03
5.300754375000000437e+03
5.309746874999999818e+03
5.318687562500000240e+03
5.327571162499999446e+03
5.336396312500000022e+03
5.345152012499999728e+03
5.353839537500000006e+03
5.362449249999999665e+03
5.370975150000000212e+03
5.379413512500000252e+03
5.387752337500000067e+03
5.395988987499999894e+03
5.404111100000000079e+03
5.412116399999999885e+03
5.420063400000000911e+03
5.429014112500000010e+03
5.441844675000000279e+03
5.456193562500000553e+03
5.469932875000000422e+03
5.479140250000000378e+03
5.486366412499999569e+03
5.493192199999999502e+03
5.539121262500000739e+03
5.545639049999999770e+03
5.551968124999999418e+03
5.558107850000000326e+03
5.564061225000000377e+03
5.569826887499999430e+03
5.575404562499999884e+03
5.580801525000000765e+03
5.586018500000000131e+03
5.591060762499999328e+03
5.595932399999999689e+03
5.600638687500000742e+03
5.605182712499999980e+03
