3.139779500000000098e+03
3.139779500000000098e+03
3.139779500000000098e+03
3.180425999999999931e+03
3.180425999999999931e+03
3.180425999999999931e+03
3.178275500000000193e+03
3.216442000000000007e+03
3.216442000000000007e+03
3.216442000000000007e+03
3.216442000000000007e+03
3.274037500000000364e+03
3.274037500000000364e+03
3.270999499999999898e+03
3.299740999999999985e+03
3.299740999999999985e+03
3.299740999999999985e+03
3.299740999999999985e+03
3.325727499999999964e+03
3.325727499999999964e+03
3.323031499999999596e+03
3.351534999999999854e+03
3.351534999999999854e+03
3.351534999999999854e+03
3.373518000000000029e+03
3.373518000000000029e+03
3.392204999999999472e+03
3.392204999999999472e+03
3.392204999999999472e+03
3.412231999999999971e+03
3.412231999999999971e+03
3.429498999999999796e+03
3.429498999999999796e+03
3.429498999999999796e+03
3.448160499999999502e+03
3.448160499999999502e+03
3.465025999999999840e+03
3.465025999999999840e+03
3.483016999999999825e+03
3.483016999999999825e+03
3.499379499999999553e+03
3.499379499999999553e+03
3.529276999999999589e+03
3.529276999999999589e+03
3.550631000000000313e+03
3.549060999999999694e+03
3.567129499999999553e+03
3.585653999999999996e+03
3.585653999999999996e+03
3.604369499999999789e+03
3.758706000000000131e+03
3.756720499999999902e+03
3.783326499999999669e+03
3.800239999999999782e+03
3.798565000000000055e+03
3.811967999999999847e+03
3.825222499999999400e+03
3.825222499999999400e+03
3.836722000000000207e+03
3.868663000000000011e+03
3.917849499999999807e+03
3.929966499999999996e+03
3.928542999999999665e+03
3.940558500000000095e+03
3.955800500000000284e+03
3.974129500000000007e+03
4.008507499999999709e+03
4.034035999999999603e+03
4.302531500000000051e+03
4.316445499999999811e+03
4.326323500000000422e+03
4.342888500000000022e+03
4.357984499999999571e+03
4.369817499999999200e+03
4.382999499999999898e+03
4.395782999999999447e+03
4.438676499999999578e+03
4.449308499999999185e+03
4.459861499999999978e+03
4.470338499999999840e+03
4.478905499999999847e+03
4.489235999999999876e+03
4.499384000000000015e+03
4.519485500000000684e+03
4.527547999999999774e+03
4.537447500000000218e+03
4.547286999999999352e+03
4.557067999999999302e+03
4.564948000000000320e+03
4.584241500000000087e+03
4.593772500000000036e+03
4.601399000000000342e+03
4.610821500000000015e+03
4.620195499999999811e+03
4.638790500000000065e+03
4.646198499999999513e+03
4.655373999999999796e+03
4.664497999999999593e+03
4.682607500000000073e+03
4.689818499999999403e+03
4.698763999999999214e+03
4.707661000000000058e+03
4.725306499999999687e+03
4.732347499999999854e+03
4.741065999999999804e+03
4.749752999999999702e+03
4.766983000000000175e+03
4.773845499999999447e+03
4.782365499999999884e+03
4.799287000000000262e+03
4.807678499999999076e+03
4.814390999999999622e+03
4.831005499999999302e+03
4.839258500000000822e+03
4.847472999999999956e+03
4.854035499999999047e+03
4.870294499999999971e+03
4.878368999999999687e+03
4.886413500000000568e+03
4.900813499999999294e+03
4.908759500000000116e+03
4.916665500000000065e+03
4.932397500000000036e+03
4.938645999999999731e+03
4.954197999999999411e+03
4.961917000000000371e+03
4.969614499999999680e+03
4.984911000000000058e+03
4.990989499999999680e+03
4.998568500000000313e+03
5.013645000000000437e+03
5.021135500000000320e+03
5.027095499999999447e+03
5.041954999999999927e+03
5.049335499999999229e+03
5.064026499999999942e+03
5.069857999999999265e+03
5.077140000000000327e+03
5.091622499999999491e+03
5.098824499999999716e+03
5.106006499999999505e+03
5.118850000000000364e+03
5.125953499999999622e+03
5.140099000000000160e+03
5.147132499999999709e+03
5.154135999999999513e+03
5.166673999999999978e+03
5.173617500000000291e+03
5.187444499999999607e+03
5.194319499999999607e+03
5.206609000000000378e+03
5.213423999999999978e+03
5.220217500000000655e+03
5.233729000000000269e+03
5.240453999999999724e+03
5.252484999999999673e+03
5.259151499999999942e+03
5.265796499999999469e+03
5.279029500000000553e+03
5.285615999999999985e+03
5.297380000000000109e+03
5.303916499999999360e+03
5.310423000000000684e+03
5.323387499999999818e+03
5.329835499999999229e+03
5.341369499999999789e+03
5.348600499999999556e+03
5.381311499999999796e+03
5.425212500000000546e+03
5.440261499999999614e+03
5.452859500000000480e+03
5.466830999999999221e+03
5.473192500000000109e+03
5.479532499999999345e+03
5.484701500000000124e+03
5.497984999999999673e+03
5.504608000000000175e+03
5.509742499999999382e+03
5.516328000000000429e+03
5.522885999999999513e+03
5.535930999999999585e+03
5.542416499999999360e+03
5.548882999999999811e+03
5.553947999999999411e+03
5.560379999999999200e+03
5.566794499999999061e+03
5.573181500000000597e+03
5.579545500000000175e+03
5.579545500000000175e+03
5.585890500000000429e+03
5.592220999999999549e+03
5.598527000000000044e+03
5.603525999999999840e+03
